2013-08-13 13:54 48308000: 36 55 53 236 52 56 51 48 56 48 48 48 151 50 51 55 49 53 130 50 51 56 51 57 137 48 176 33
2013-08-13 13:55 48308000: 36 55 53 236 52 56 51 48 56 48 48 48 151 50 51 54 48 50 253 50 51 55 49 56 133 48 176 33
2013-08-13 13:56 48308000: 36 55 53 236 52 56 51 48 56 48 48 48 151 50 51 53 57 48 131 50 51 55 48 53 129 48 176 33
2013-08-13 13:57 48308000: 36 55 53 236 52 56 51 48 56 48 48 48 151 50 51 53 56 52 134 50 51 54 57 56 140 48 176 33
2013-08-13 13:58 48308000: 36 55 53 236 52 56 51 48 56 48 48 48 151 50 51 53 55 57 138 50 51 54 57 56 140 48 176 33
2013-08-13 13:59 48308000: 36 55 53 236 52 56 51 48 56 48 48 48 151 50 51 53 56 48 130 50 51 54 56 48 131 48 176 33
2013-08-13 14:00 48308000: 36 55 53 236 52 56 51 48 56 48 48 48 151 50 51 53 55 57 138 50 51 54 56 49 132 48 176 33
2013-08-13 14:01 48308000: 36 55 53 236 52 56 51 48 56 48 48 48 151 50 51 53 53 53 132 50 51 54 55 51 133 48 176 33
2013-08-13 14:02 48308000: 36 55 53 236 52 56 51 48 56 48 48 48 151 50 51 53 55 53 134 50 51 54 56 51 134 48 176 33
2013-08-13 14:03 48308000: 36 55 53 236 52 56 51 48 56 48 48 48 151 50 51 53 55 50 131 50 51 54 56 48 131 48 176 33
2013-08-13 14:04 48308000: 36 55 53 236 52 56 51 48 56 48 48 48 151 50 51 53 55 49 130 50 51 54 55 57 139 48 176 33
2013-08-13 14:05 48308000: 36 55 53 236 52 56 51 48 56 48 48 48 151 50 51 53 55 52 133 50 51 54 55 56 138 48 176 33
2013-08-13 14:06 48308000: 36 55 53 236 52 56 51 48 56 48 48 48 151 50 51 53 55 48 129 50 51 54 55 54 136 48 176 33
2013-08-13 14:07 48308000: 36 55 53 236 52 56 51 48 56 48 48 48 151 50 51 53 55 48 129 50 51 54 56 54 137 48 176 33
2013-08-13 14:08 48308000: 36 55 53 236 52 56 51 48 56 48 48 48 151 50 51 53 55 50 131 50 51 54 55 55 137 48 176 33
2013-08-13 14:09 48308000: 36 55 53 236 52 56 51 48 56 48 48 48 151 50 51 53 55 48 129 50 51 54 55 55 137 48 176 33
2013-08-13 14:10 48308000: 36 55 53 236 52 56 51 48 56 48 48 48 151 50 51 53 54 56 136 50 51 54 55 55 137 48 176 33
2013-08-13 14:11 48308000: 36 55 53 236 52 56 51 48 56 48 48 48 151 50 51 53 55 48 129 50 51 54 56 53 136 48 176 33
2013-08-13 14:12 48308000: 36 55 53 236 52 56 51 48 56 48 48 48 151 50 51 53 55 50 131 50 51 54 55 53 135 48 176 33
2013-08-13 14:13 48308000: 36 55 53 236 52 56 51 48 56 48 48 48 151 50 51 53 54 57 137 50 51 54 55 54 136 48 176 33
2013-08-13 14:14 48308000: 36 55 53 236 52 56 51 48 56 48 48 48 151 50 51 53 54 52 132 50 51 54 55 54 136 48 176 33
2013-08-13 14:15 48308000: 36 55 53 236 52 56 51 48 56 48 48 48 151 50 51 53 54 51 131 50 51 54 55 57 139 48 176 33
2013-08-13 14:16 48308000: 36 55 53 236 52 56 51 48 56 48 48 48 151 50 51 53 54 50 130 50 51 54 55 54 136 48 176 33
2013-08-13 14:17 48308000: 36 55 53 236 52 56 51 48 56 48 48 48 151 50 51 53 54 51 131 50 51 54 55 57 139 48 176 33
2013-08-13 14:18 48308000: 36 55 53 236 52 56 51 48 56 48 48 48 151 50 51 53 54 49 129 50 51 54 56 51 134 48 176 33
2013-08-13 14:19 48308000: 36 55 53 236 52 56 51 48 56 48 48 48 151 50 51 53 54 49 129 50 51 54 56 48 131 48 176 33
2013-08-13 14:20 48308000: 36 55 53 236 52 56 51 48 56 48 48 48 151 50 51 53 54 50 130 50 51 54 56 48 131 48 176 33
2013-08-13 14:21 48308000: 36 55 53 236 52 56 51 48 56 48 48 48 151 50 51 53 54 48 128 50 51 54 56 54 137 48 176 33
2013-08-13 14:22 48308000: 36 55 53 236 52 56 51 48 56 48 48 48 151 50 51 53 55 50 131 50 51 54 56 48 131 48 176 33
2013-08-13 14:23 48308000: 36 55 53 236 52 56 51 48 56 48 48 48 151 50 51 53 54 57 137 50 51 54 56 49 132 48 176 33
2013-08-13 14:24 48308000: 36 55 53 236 52 56 51 48 56 48 48 48 151 50 51 53 55 48 129 50 51 54 56 52 135 48 176 33
2013-08-13 14:25 48308000: 36 55 53 236 52 56 51 48 56 48 48 48 151 50 51 53 54 55 135 50 51 54 56 50 133 48 176 33
2013-08-13 14:26 48308000: 36 55 53 236 52 56 51 48 56 48 48 48 151 50 51 53 54 57 137 50 51 54 56 50 133 48 176 33
2013-08-13 14:27 48308000: 36 55 53 236 52 56 51 48 56 48 48 48 151 50 51 53 54 54 134 50 51 54 56 50 133 48 176 33
2013-08-13 14:28 48308000: 36 55 53 236 52 56 51 48 56 48 48 48 151 50 51 53 54 56 136 50 51 54 56 49 132 48 176 33
2013-08-13 14:29 48308000: 36 55 53 236 52 56 51 48 56 48 48 48 151 50 51 53 54 55 135 50 51 54 56 51 134 48 176 33
2013-08-13 14:30 48308000: 36 55 53 236 52 56 51 48 56 48 48 48 151 50 51 53 54 53 133 50 51 54 56 50 133 48 176 33
2013-08-13 14:31 48308000: 36 55 53 236 52 56 51 48 56 48 48 48 151 50 51 53 54 50 130 50 51 54 55 57 139 48 176 33
2013-08-13 14:32 48308000: 36 55 53 236 52 56 51 48 56 48 48 48 151 50 51 53 54 53 133 50 51 54 56 48 131 48 176 33
2013-08-13 14:33 48308000: 36 55 53 236 52 56 51 48 56 48 48 48 151 50 51 53 54 52 132 50 51 54 56 49 132 48 176 33
2013-08-13 14:34 48308000: 36 55 53 236 52 56 51 48 56 48 48 48 151 50 51 53 54 51 131 50 51 54 56 48 131 48 176 33
2013-08-13 14:35 48308000: 36 55 53 236 52 56 51 48 56 48 48 48 151 50 51 53 54 54 134 50 51 54 55 57 139 48 176 33
2013-08-13 14:36 48308000: 36 55 53 236 52 56 51 48 56 48 48 48 151 50 51 53 54 48 128 50 51 54 55 55 137 48 176 33
2013-08-13 14:37 48308000: 36 55 53 236 52 56 51 48 56 48 48 48 151 50 51 53 54 54 134 50 51 54 55 52 134 48 176 33
2013-08-13 14:38 48308000: 36 55 53 236 52 56 51 48 56 48 48 48 151 50 51 53 53 57 136 50 51 54 55 52 134 48 176 33
2013-08-13 14:39 48308000: 36 55 53 236 52 56 51 48 56 48 48 48 151 50 51 53 53 57 136 50 51 54 55 55 137 48 176 33
2013-08-13 14:40 48308000: 36 55 53 236 52 56 51 48 56 48 48 48 151 50 51 53 54 51 131 50 51 54 55 57 139 48 176 33
2013-08-13 14:41 48308000: 36 55 53 236 52 56 51 48 56 48 48 48 151 50 51 53 54 55 135 50 51 54 56 50 133 48 176 33
2013-08-13 14:42 48308000: 36 55 53 236 52 56 51 48 56 48 48 48 151 50 51 53 54 52 132 50 51 54 56 48 131 48 176 33
2013-08-13 14:43 48308000: 36 55 53 236 52 56 51 48 56 48 48 48 151 50 51 53 54 52 132 50 51 54 56 48 131 48 176 33
2013-08-13 14:44 48308000: 36 55 53 236 52 56 51 48 56 48 48 48 151 50 51 53 54 49 129 50 51 54 55 56 138 48 176 33
2013-08-13 14:45 48308000: 36 55 53 236 52 56 51 48 56 48 48 48 151 50 51 53 54 49 129 50 51 54 56 49 132 48 176 33
2013-08-13 14:46 48308000: 36 55 53 236 52 56 51 48 56 48 48 48 151 50 51 53 54 53 133 50 51 54 56 51 134 48 176 33
2013-08-13 14:47 48308000: 36 55 53 236 52 56 51 48 56 48 48 48 151 50 51 53 54 49 129 50 51 54 56 49 132 48 176 33
2013-08-13 14:48 48308000: 36 55 53 236 52 56 51 48 56 48 48 48 151 50 51 53 54 52 132 50 51 54 56 52 135 48 176 33
2013-08-13 14:49 48308000: 36 55 53 236 52 56 51 48 56 48 48 48 151 50 51 53 54 52 132 50 51 54 56 49 132 48 176 33
2013-08-13 14:50 48308000: 36 55 53 236 52 56 51 48 56 48 48 48 151 50 51 53 53 55 134 50 51 54 56 49 132 48 176 33
2013-08-13 14:51 48308000: 36 55 53 236 52 56 51 48 56 48 48 48 151 50 51 53 54 52 132 50 51 54 56 48 131 48 176 33
2013-08-13 14:52 48308000: 36 55 53 236 52 56 51 48 56 48 48 48 151 50 51 53 54 51 131 50 51 54 56 50 133 48 176 33
2013-08-13 14:53 48308000: 36 55 53 236 52 56 51 48 56 48 48 48 151 50 51 53 54 53 133 50 51 54 56 51 134 48 176 33
2013-08-13 14:54 48308000: 36 55 53 236 52 56 51 48 56 48 48 48 151 50 51 53 54 51 131 50 51 54 56 51 134 48 176 33
2013-08-13 14:55 48308000: 36 55 53 236 52 56 51 48 56 48 48 48 151 50 51 53 54 50 130 50 51 54 56 52 135 48 176 33
2013-08-13 14:56 48308000: 36 55 53 236 52 56 51 48 56 48 48 48 151 50 51 53 54 53 133 50 51 54 56 52 135 48 176 33
2013-08-13 14:57 48308000: 36 55 53 236 52 56 51 48 56 48 48 48 151 50 51 53 54 53 133 50 51 54 56 50 133 48 176 33
2013-08-13 14:58 48308000: 36 55 53 236 52 56 51 48 56 48 48 48 151 50 51 53 54 49 129 50 51 54 56 54 137 48 176 33
2013-08-13 14:59 48308000: 36 55 53 236 52 56 51 48 56 48 48 48 151 50 51 53 53 57 136 50 51 54 56 55 138 48 176 33
2013-08-13 15:00 48308000: 36 55 53 236 52 56 51 48 56 48 48 48 151 50 51 53 54 54 134 50 51 54 56 54 137 48 176 33
2013-08-13 15:01 48308000: 36 55 53 236 52 56 51 48 56 48 48 48 151 50 51 53 54 52 132 50 51 54 56 54 137 48 176 33
2013-08-13 15:02 48308000: 36 55 53 236 52 56 51 48 56 48 48 48 151 50 51 53 54 51 131 50 51 54 57 48 132 48 176 33
2013-08-13 15:03 48308000: 36 55 53 236 52 56 51 48 56 48 48 48 151 50 51 53 54 50 130 50 51 54 56 54 137 48 176 33
2013-08-13 15:04 48308000: 36 55 53 236 52 56 51 48 56 48 48 48 151 50 51 53 54 53 133 50 51 54 56 56 139 48 176 33
2013-08-13 15:05 48308000: 36 55 53 236 52 56 51 48 56 48 48 48 151 50 51 53 54 51 131 50 51 54 56 54 137 48 176 33
2013-08-13 15:06 48308000: 36 55 53 236 52 56 51 48 56 48 48 48 151 50 51 53 54 53 133 50 51 54 57 48 132 48 176 33
2013-08-13 15:07 48308000: 36 55 53 236 52 56 51 48 56 48 48 48 151 50 51 53 54 52 132 50 51 54 56 54 137 48 176 33
2013-08-13 15:08 48308000: 36 55 53 236 52 56 51 48 56 48 48 48 151 50 51 53 54 51 131 50 51 54 56 54 137 48 176 33
2013-08-13 15:09 48308000: 36 55 53 236 52 56 51 48 56 48 48 48 151 50 51 53 54 49 129 50 51 54 56 56 139 48 176 33
2013-08-13 15:10 48308000: 36 55 53 236 52 56 51 48 56 48 48 48 151 50 51 53 54 49 129 50 51 54 57 48 132 48 176 33
2013-08-13 15:11 48308000: 36 55 53 236 52 56 51 48 56 48 48 48 151 50 51 53 54 51 131 50 51 54 56 57 140 48 176 33
2013-08-13 15:12 48308000: 36 55 53 236 52 56 51 48 56 48 48 48 151 50 51 53 54 51 131 50 51 54 56 57 140 48 176 33
2013-08-13 15:13 48308000: 36 55 53 236 52 56 51 48 56 48 48 48 151 50 51 53 54 50 130 50 51 54 57 48 132 48 176 33
2013-08-13 15:14 48308000: 36 55 53 236 52 56 51 48 56 48 48 48 151 50 51 53 53 48 255 50 51 54 56 52 135 48 176 33
2013-08-13 15:15 48308000: 36 55 53 236 52 56 51 48 56 48 48 48 151 50 51 53 54 51 131 50 51 54 57 49 133 48 176 33
2013-08-13 15:16 48308000: 36 55 53 236 52 56 51 48 56 48 48 48 151 50 51 53 54 54 134 50 51 54 57 50 134 48 176 33
2013-08-13 15:17 48308000: 36 55 53 236 52 56 51 48 56 48 48 48 151 50 51 53 55 50 131 50 51 54 57 49 133 48 176 33
2013-08-13 15:18 48308000: 36 55 53 236 52 56 51 48 56 48 48 48 151 50 51 53 54 53 133 50 51 54 57 51 135 48 176 33
2013-08-13 15:19 48308000: 36 55 53 236 52 56 51 48 56 48 48 48 151 50 51 53 54 49 129 50 51 55 49 50 255 48 176 33
2013-08-13 15:20 48308000: 36 55 53 236 52 56 51 48 56 48 48 48 151 50 51 53 54 49 129 50 51 54 57 54 138 48 176 33
2013-08-13 15:21 48308000: 36 55 53 236 52 56 51 48 56 48 48 48 151 50 51 53 54 48 128 50 51 54 57 50 134 48 176 33
2013-08-13 15:22 48308000: 36 55 53 236 52 56 51 48 56 48 48 48 151 50 51 53 54 52 132 50 51 54 57 50 134 48 176 33
2013-08-13 15:23 48308000: 36 55 53 236 52 56 51 48 56 48 48 48 151 50 51 53 54 51 131 50 51 54 57 49 133 48 176 33
2013-08-13 15:24 48308000: 36 55 53 236 52 56 51 48 56 48 48 48 151 50 51 53 54 50 130 50 51 54 57 48 132 48 176 33
2013-08-13 15:25 48308000: 36 55 53 236 52 56 51 48 56 48 48 48 151 50 51 53 54 50 130 50 51 54 57 48 132 48 176 33
2013-08-13 15:26 48308000: 36 55 53 236 52 56 51 48 56 48 48 48 151 50 51 53 53 56 135 50 51 54 57 52 136 48 176 33
2013-08-13 15:27 48308000: 36 55 53 236 52 56 51 48 56 48 48 48 151 50 51 53 54 55 135 50 51 54 57 54 138 48 176 33
2013-08-13 15:28 48308000: 36 55 53 236 52 56 51 48 56 48 48 48 151 50 51 53 54 49 129 50 51 54 57 51 135 48 176 33
2013-08-13 15:29 48308000: 36 55 53 236 52 56 51 48 56 48 48 48 151 50 51 53 53 57 136 50 51 54 57 51 135 48 176 33
2013-08-13 15:30 48308000: 36 55 53 236 52 56 51 48 56 48 48 48 151 50 51 53 54 52 132 50 51 54 57 51 135 48 176 33
2013-08-13 15:31 48308000: 36 55 53 236 52 56 51 48 56 48 48 48 151 50 51 53 54 48 128 50 51 54 57 54 138 48 176 33
2013-08-13 15:32 48308000: 36 55 53 236 52 56 51 48 56 48 48 48 151 50 51 53 54 50 130 50 51 54 57 50 134 48 176 33
2013-08-13 15:33 48308000: 36 55 53 236 52 56 51 48 56 48 48 48 151 50 51 53 54 48 128 50 51 54 57 52 136 48 176 33
2013-08-13 15:34 48308000: 36 55 53 236 52 56 51 48 56 48 48 48 151 50 51 53 54 49 129 50 51 54 57 55 139 48 176 33
2013-08-13 15:35 48308000: 36 55 53 236 52 56 51 48 56 48 48 48 151 50 51 53 54 49 129 50 51 54 57 50 134 48 176 33
2013-08-13 15:36 48308000: 36 55 53 236 52 56 51 48 56 48 48 48 151 50 51 53 54 52 132 50 51 54 57 53 137 48 176 33
2013-08-13 15:37 48308000: 36 55 53 236 52 56 51 48 56 48 48 48 151 50 51 53 54 52 132 50 51 54 57 55 139 48 176 33
2013-08-13 15:38 48308000: 36 55 53 236 52 56 51 48 56 48 48 48 151 50 51 53 54 50 130 50 51 54 57 55 139 48 176 33
2013-08-13 15:39 48308000: 36 55 53 236 52 56 51 48 56 48 48 48 151 50 51 53 54 56 136 50 51 54 55 54 136 48 176 33
2013-08-13 15:40 48308000: 36 55 53 236 52 56 51 48 56 48 48 48 151 50 51 53 55 49 130 50 51 54 56 49 132 48 176 33
2013-08-13 15:41 48308000: 36 55 53 236 52 56 51 48 56 48 48 48 151 50 51 53 55 49 130 50 51 54 55 51 133 48 176 33
2013-08-13 15:42 48308000: 36 55 53 236 52 56 51 48 56 48 48 48 151 50 51 53 54 56 136 50 51 54 56 48 131 48 176 33
2013-08-13 15:43 48308000: 36 55 53 236 52 56 51 48 56 48 48 48 151 50 51 53 55 48 129 50 51 54 55 57 139 48 176 33
2013-08-13 15:44 48308000: 36 55 53 236 52 56 51 48 56 48 48 48 151 50 51 53 54 57 137 50 51 54 56 50 133 48 176 33
2013-08-13 15:45 48308000: 36 55 53 236 52 56 51 48 56 48 48 48 151 50 51 53 55 48 129 50 51 54 56 49 132 48 176 33
2013-08-13 15:46 48308000: 36 55 53 236 52 56 51 48 56 48 48 48 151 50 51 53 55 48 129 50 51 54 56 48 131 48 176 33
2013-08-13 15:47 48308000: 36 55 53 236 52 56 51 48 56 48 48 48 151 50 51 53 54 56 136 50 51 54 56 51 134 48 176 33
2013-08-13 15:48 48308000: 36 55 53 236 52 56 51 48 56 48 48 48 151 50 51 53 54 55 135 50 51 54 56 50 133 48 176 33
2013-08-13 15:49 48308000: 36 55 53 236 52 56 51 48 56 48 48 48 151 50 51 53 54 54 134 50 51 54 56 49 132 48 176 33
2013-08-13 15:50 48308000: 36 55 53 236 52 56 51 48 56 48 48 48 151 50 51 53 54 57 137 50 51 54 56 49 132 48 176 33
2013-08-13 15:51 48308000: 36 55 53 236 52 56 51 48 56 48 48 48 151 50 51 53 54 57 137 50 51 54 55 56 138 48 176 33
2013-08-13 15:52 48308000: 36 55 53 236 52 56 51 48 56 48 48 48 151 50 51 53 54 55 135 50 51 54 56 51 134 48 176 33
2013-08-13 15:53 48308000: 36 55 53 236 52 56 51 48 56 48 48 48 151 50 51 53 55 48 129 50 51 54 56 49 132 48 176 33
2013-08-13 15:54 48308000: 36 55 53 236 52 56 51 48 56 48 48 48 151 50 51 53 54 56 136 50 51 54 56 49 132 48 176 33
2013-08-13 15:55 48308000: 36 55 53 236 52 56 51 48 56 48 48 48 151 50 51 53 54 55 135 50 51 54 56 52 135 48 176 33
2013-08-13 15:56 48308000: 36 55 53 236 52 56 51 48 56 48 48 48 151 50 51 53 55 48 129 50 51 54 56 49 132 48 176 33
2013-08-13 15:57 48308000: 36 55 53 236 52 56 51 48 56 48 48 48 151 50 51 53 54 55 135 50 51 54 56 50 133 48 176 33
2013-08-13 15:58 48308000: 36 55 53 236 52 56 51 48 56 48 48 48 151 50 51 53 54 56 136 50 51 54 56 52 135 48 176 33
2013-08-13 15:59 48308000: 36 55 53 236 52 56 51 48 56 48 48 48 151 50 51 53 55 54 135 50 51 54 56 52 135 48 176 33
2013-08-13 16:00 48308000: 36 55 53 236 52 56 51 48 56 48 48 48 151 50 51 53 54 54 134 50 51 54 56 52 135 48 176 33
2013-08-13 16:01 48308000: 36 55 53 236 52 56 51 48 56 48 48 48 151 50 51 53 54 55 135 50 51 54 56 52 135 48 176 33
2013-08-13 16:02 48308000: 36 55 53 236 52 56 51 48 56 48 48 48 151 50 51 53 54 56 136 50 51 54 56 51 134 48 176 33
2013-08-13 16:03 48308000: 36 55 53 236 52 56 51 48 56 48 48 48 151 50 51 53 54 56 136 50 51 54 56 51 134 48 176 33
2013-08-13 16:04 48308000: 36 55 53 236 52 56 51 48 56 48 48 48 151 50 51 53 54 53 133 50 51 54 56 52 135 48 176 33
2013-08-13 16:05 48308000: 36 55 53 236 52 56 51 48 56 48 48 48 151 50 51 53 54 56 136 50 51 54 56 50 133 48 176 33
2013-08-13 16:06 48308000: 36 55 53 236 52 56 51 48 56 48 48 48 151 50 51 53 54 57 137 50 51 54 56 48 131 48 176 33
2013-08-13 16:07 48308000: 36 55 53 236 52 56 51 48 56 48 48 48 151 50 51 53 54 56 136 50 51 54 56 49 132 48 176 33
2013-08-13 16:08 48308000: 36 55 53 236 52 56 51 48 56 48 48 48 151 50 51 53 55 49 130 50 51 54 56 52 135 48 176 33
2013-08-13 16:09 48308000: 36 55 53 236 52 56 51 48 56 48 48 48 151 50 51 53 54 56 136 50 51 54 56 51 134 48 176 33
2013-08-13 16:10 48308000: 36 55 53 236 52 56 51 48 56 48 48 48 151 50 51 53 55 51 132 50 51 54 56 54 137 48 176 33
2013-08-13 16:11 48308000: 36 55 53 236 52 56 51 48 56 48 48 48 151 50 51 53 54 57 137 50 51 54 56 51 134 48 176 33
2013-08-13 16:12 48308000: 36 55 53 236 52 56 51 48 56 48 48 48 151 50 51 53 55 48 129 50 51 54 56 50 133 48 176 33
2013-08-13 16:13 48308000: 36 55 53 236 52 56 51 48 56 48 48 48 151 50 51 53 54 54 134 50 51 54 56 50 133 48 176 33
2013-08-13 16:14 48308000: 36 55 53 236 52 56 51 48 56 48 48 48 151 50 51 53 55 49 130 50 51 54 56 50 133 48 176 33
2013-08-13 16:15 48308000: 36 55 53 236 52 56 51 48 56 48 48 48 151 50 51 53 55 48 129 50 51 54 56 50 133 48 176 33
2013-08-13 16:16 48308000: 36 55 53 236 52 56 51 48 56 48 48 48 151 50 51 53 54 57 137 50 51 54 56 50 133 48 176 33
2013-08-13 16:17 48308000: 36 55 53 236 52 56 51 48 56 48 48 48 151 50 51 53 54 56 136 50 51 54 56 54 137 48 176 33
2013-08-13 16:18 48308000: 36 55 53 236 52 56 51 48 56 48 48 48 151 50 51 53 54 57 137 50 51 54 56 50 133 48 176 33
2013-08-13 16:19 48308000: 36 55 53 236 52 56 51 48 56 48 48 48 151 50 51 53 55 48 129 50 51 54 56 49 132 48 176 33
2013-08-13 16:20 48308000: 36 55 53 236 52 56 51 48 56 48 48 48 151 50 51 53 54 53 133 50 51 54 56 52 135 48 176 33
2013-08-13 16:21 48308000: 36 55 53 236 52 56 51 48 56 48 48 48 151 50 51 53 54 56 136 50 51 54 56 49 132 48 176 33
2013-08-13 16:22 48308000: 36 55 53 236 52 56 51 48 56 48 48 48 151 50 51 53 55 50 131 50 51 54 56 51 134 48 176 33
2013-08-13 16:23 48308000: 36 55 53 236 52 56 51 48 56 48 48 48 151 50 51 53 54 55 135 50 51 54 56 53 136 48 176 33
2013-08-13 16:24 48308000: 36 55 53 236 52 56 51 48 56 48 48 48 151 50 51 53 54 57 137 50 51 54 56 50 133 48 176 33
2013-08-13 16:25 48308000: 36 55 53 236 52 56 51 48 56 48 48 48 151 50 51 53 54 53 133 50 51 54 56 51 134 48 176 33
2013-08-13 16:26 48308000: 36 55 53 236 52 56 51 48 56 48 48 48 151 50 51 53 54 57 137 50 51 54 56 54 137 48 176 33
2013-08-13 16:27 48308000: 36 55 53 236 52 56 51 48 56 48 48 48 151 50 51 53 54 56 136 50 51 54 56 51 134 48 176 33
2013-08-13 16:28 48308000: 36 55 53 236 52 56 51 48 56 48 48 48 151 50 51 53 54 56 136 50 51 54 56 54 137 48 176 33
2013-08-13 16:29 48308000: 36 55 53 236 52 56 51 48 56 48 48 48 151 50 51 53 54 57 137 50 51 54 56 53 136 48 176 33
2013-08-13 16:30 48308000: 36 55 53 236 52 56 51 48 56 48 48 48 151 50 51 53 54 54 134 50 51 54 56 53 136 48 176 33
2013-08-13 16:31 48308000: 36 55 53 236 52 56 51 48 56 48 48 48 151 50 51 53 54 55 135 50 51 54 56 52 135 48 176 33
2013-08-13 16:32 48308000: 36 55 53 236 52 56 51 48 56 48 48 48 151 50 51 53 54 57 137 50 51 54 56 54 137 48 176 33
2013-08-13 16:33 48308000: 36 55 53 236 52 56 51 48 56 48 48 48 151 50 51 53 55 49 130 50 51 54 56 50 133 48 176 33
2013-08-13 16:34 48308000: 36 55 53 236 52 56 51 48 56 48 48 48 151 50 51 53 54 55 135 50 51 54 56 50 133 48 176 33
2013-08-13 16:35 48308000: 36 55 53 236 52 56 51 48 56 48 48 48 151 50 51 53 54 56 136 50 51 54 56 51 134 48 176 33
2013-08-13 16:36 48308000: 36 55 53 236 52 56 51 48 56 48 48 48 151 50 51 53 54 55 135 50 51 54 56 50 133 48 176 33
2013-08-13 16:37 48308000: 36 55 53 236 52 56 51 48 56 48 48 48 151 50 51 53 54 48 128 50 51 54 56 53 136 48 176 33
2013-08-13 16:38 48308000: 36 55 53 236 52 56 51 48 56 48 48 48 151 50 51 53 54 57 137 50 51 54 55 57 139 48 176 33
2013-08-13 16:39 48308000: 36 55 53 236 52 56 51 48 56 48 48 48 151 50 51 53 54 54 134 50 51 54 56 50 133 48 176 33
2013-08-13 16:40 48308000: 36 55 53 236 52 56 51 48 56 48 48 48 151 50 51 53 54 57 137 50 51 54 56 52 135 48 176 33
2013-08-13 16:41 48308000: 36 55 53 236 52 56 51 48 56 48 48 48 151 50 51 53 54 54 134 50 51 54 56 49 132 48 176 33
2013-08-13 16:42 48308000: 36 55 53 236 52 56 51 48 56 48 48 48 151 50 51 53 54 56 136 50 51 54 56 56 139 48 176 33
2013-08-13 16:43 48308000: 36 55 53 236 52 56 51 48 56 48 48 48 151 50 51 53 54 54 134 50 51 54 56 48 131 48 176 33
2013-08-13 16:44 48308000: 36 55 53 236 52 56 51 48 56 48 48 48 151 50 51 53 54 55 135 50 51 54 56 51 134 48 176 33
2013-08-13 16:45 48308000: 36 55 53 236 52 56 51 48 56 48 48 48 151 50 51 53 54 54 134 50 51 54 56 48 131 48 176 33
2013-08-13 16:46 48308000: 36 55 53 236 52 56 51 48 56 48 48 48 151 50 51 53 54 55 135 50 51 54 56 51 134 48 176 33
2013-08-13 16:47 48308000: 36 55 53 236 52 56 51 48 56 48 48 48 151 50 51 53 54 57 137 50 51 54 56 52 135 48 176 33
2013-08-13 16:48 48308000: 36 55 53 236 52 56 51 48 56 48 48 48 151 50 51 53 54 54 134 50 51 54 56 50 133 48 176 33
2013-08-13 16:49 48308000: 36 55 53 236 52 56 51 48 56 48 48 48 151 50 51 53 54 54 134 50 51 54 56 48 131 48 176 33
2013-08-13 16:50 48308000: 36 55 53 236 52 56 51 48 56 48 48 48 151 50 51 53 54 54 134 50 51 54 56 50 133 48 176 33
2013-08-13 16:51 48308000: 36 55 53 236 52 56 51 48 56 48 48 48 151 50 51 53 54 57 137 50 51 54 56 50 133 48 176 33
2013-08-13 16:52 48308000: 36 55 53 236 52 56 51 48 56 48 48 48 151 50 51 53 54 57 137 50 51 54 56 50 133 48 176 33
2013-08-13 16:53 48308000: 36 55 53 236 52 56 51 48 56 48 48 48 151 50 51 53 54 57 137 50 51 54 56 52 135 48 176 33
2013-08-13 16:54 48308000: 36 55 53 236 52 56 51 48 56 48 48 48 151 50 51 53 54 54 134 50 51 54 56 51 134 48 176 33
2013-08-13 16:55 48308000: 36 55 53 236 52 56 51 48 56 48 48 48 151 50 51 53 54 56 136 50 51 54 56 52 135 48 176 33
2013-08-13 16:56 48308000: 36 55 53 236 52 56 51 48 56 48 48 48 151 50 51 53 54 55 135 50 51 54 56 50 133 48 176 33
2013-08-13 16:57 48308000: 36 55 53 236 52 56 51 48 56 48 48 48 151 50 51 53 54 55 135 50 51 54 56 52 135 48 176 33
2013-08-13 16:58 48308000: 36 55 53 236 52 56 51 48 56 48 48 48 151 50 51 53 54 54 134 50 51 54 56 53 136 48 176 33
2013-08-13 16:59 48308000: 36 55 53 236 52 56 51 48 56 48 48 48 151 50 51 53 54 55 135 50 51 54 56 48 131 48 176 33
2013-08-13 17:00 48308000: 36 55 53 236 52 56 51 48 56 48 48 48 151 50 51 53 54 53 133 50 51 54 56 50 133 48 176 33
2013-08-13 17:01 48308000: 36 55 53 236 52 56 51 48 56 48 48 48 151 50 51 53 54 55 135 50 51 54 56 52 135 48 176 33
2013-08-13 17:02 48308000: 36 55 53 236 52 56 51 48 56 48 48 48 151 50 51 53 54 56 136 50 51 54 56 52 135 48 176 33
2013-08-13 17:03 48308000: 36 55 53 236 52 56 51 48 56 48 48 48 151 50 51 53 54 56 136 50 51 54 56 51 134 48 176 33
2013-08-13 17:04 48308000: 36 55 53 236 52 56 51 48 56 48 48 48 151 50 51 53 54 55 135 50 51 54 56 49 132 48 176 33
2013-08-13 17:05 48308000: 36 55 53 236 52 56 51 48 56 48 48 48 151 50 51 53 54 55 135 50 51 54 56 54 137 48 176 33
2013-08-13 17:06 48308000: 36 55 53 236 52 56 51 48 56 48 48 48 151 50 51 53 54 54 134 50 51 54 56 54 137 48 176 33
2013-08-13 17:07 48308000: 36 55 53 236 52 56 51 48 56 48 48 48 151 50 51 53 54 56 136 50 51 54 56 52 135 48 176 33
2013-08-13 17:08 48308000: 36 55 53 236 52 56 51 48 56 48 48 48 151 50 51 53 54 55 135 50 51 54 56 54 137 48 176 33
2013-08-13 17:09 48308000: 36 55 53 236 52 56 51 48 56 48 48 48 151 50 51 53 54 55 135 50 51 54 56 52 135 48 176 33
2013-08-13 17:10 48308000: 36 55 53 236 52 56 51 48 56 48 48 48 151 50 51 53 54 56 136 50 51 54 56 53 136 48 176 33
2013-08-13 17:11 48308000: 36 55 53 236 52 56 51 48 56 48 48 48 151 50 51 53 55 49 130 50 51 54 56 52 135 48 176 33
2013-08-13 17:12 48308000: 36 55 53 236 52 56 51 48 56 48 48 48 151 50 51 53 54 55 135 50 51 54 56 52 135 48 176 33
2013-08-13 17:13 48308000: 36 55 53 236 52 56 51 48 56 48 48 48 151 50 51 53 54 56 136 50 51 54 56 51 134 48 176 33
2013-08-13 17:14 48308000: 36 55 53 236 52 56 51 48 56 48 48 48 151 50 51 53 54 53 133 50 51 54 56 56 139 48 176 33
2013-08-13 17:15 48308000: 36 55 53 236 52 56 51 48 56 48 48 48 151 50 51 53 54 54 134 50 51 54 57 48 132 48 176 33
2013-08-13 17:16 48308000: 36 55 53 236 52 56 51 48 56 48 48 48 151 50 51 53 54 55 135 50 51 54 56 57 140 48 176 33
2013-08-13 17:17 48308000: 36 55 53 236 52 56 51 48 56 48 48 48 151 50 51 53 55 49 130 50 51 54 56 51 134 48 176 33
2013-08-13 17:18 48308000: 36 55 53 236 52 56 51 48 56 48 48 48 151 50 51 53 54 57 137 50 51 54 56 56 139 48 176 33
2013-08-13 17:19 48308000: 36 55 53 236 52 56 51 48 56 48 48 48 151 50 51 53 54 54 134 50 51 54 56 55 138 48 176 33
2013-08-13 17:20 48308000: 36 55 53 236 52 56 51 48 56 48 48 48 151 50 51 53 54 57 137 50 51 54 56 54 137 48 176 33
2013-08-13 17:21 48308000: 36 55 53 236 52 56 51 48 56 48 48 48 151 50 51 53 54 52 132 50 51 54 56 54 137 48 176 33
2013-08-13 17:22 48308000: 36 55 53 236 52 56 51 48 56 48 48 48 151 50 51 53 54 57 137 50 51 54 56 57 140 48 176 33
2013-08-13 17:23 48308000: 36 55 53 236 52 56 51 48 56 48 48 48 151 50 51 53 54 54 134 50 51 54 56 54 137 48 176 33
2013-08-13 17:24 48308000: 36 55 53 236 52 56 51 48 56 48 48 48 151 50 51 53 54 55 135 50 51 54 56 56 139 48 176 33
2013-08-13 17:25 48308000: 36 55 53 236 52 56 51 48 56 48 48 48 151 50 51 53 54 55 135 50 51 54 56 54 137 48 176 33
2013-08-13 17:26 48308000: 36 55 53 236 52 56 51 48 56 48 48 48 151 50 51 53 54 55 135 50 51 54 56 53 136 48 176 33
2013-08-13 17:27 48308000: 36 55 53 236 52 56 51 48 56 48 48 48 151 50 51 53 54 55 135 50 51 54 56 55 138 48 176 33
2013-08-13 17:28 48308000: 36 55 53 236 52 56 51 48 56 48 48 48 151 50 51 53 54 54 134 50 51 54 56 53 136 48 176 33
2013-08-13 17:29 48308000: 36 55 53 236 52 56 51 48 56 48 48 48 151 50 51 53 54 54 134 50 51 54 56 51 134 48 176 33
2013-08-13 17:30 48308000: 36 55 53 236 52 56 51 48 56 48 48 48 151 50 51 53 54 54 134 50 51 54 56 54 137 48 176 33
2013-08-13 17:31 48308000: 36 55 53 236 52 56 51 48 56 48 48 48 151 50 51 53 54 56 136 50 51 54 56 55 138 48 176 33
2013-08-13 17:32 48308000: 36 55 53 236 52 56 51 48 56 48 48 48 151 50 51 53 54 55 135 50 51 54 56 53 136 48 176 33
2013-08-13 17:33 48308000: 36 55 53 236 52 56 51 48 56 48 48 48 151 50 51 53 54 55 135 50 51 54 57 49 133 48 176 33
2013-08-13 17:34 48308000: 36 55 53 236 52 56 51 48 56 48 48 48 151 50 51 53 54 54 134 50 51 54 56 55 138 48 176 33
2013-08-13 17:35 48308000: 36 55 53 236 52 56 51 48 56 48 48 48 151 50 51 53 54 55 135 50 51 54 56 55 138 48 176 33
2013-08-13 17:36 48308000: 36 55 53 236 52 56 51 48 56 48 48 48 151 50 51 53 54 53 133 50 51 54 57 48 132 48 176 33
2013-08-13 17:37 48308000: 36 55 53 236 52 56 51 48 56 48 48 48 151 50 51 53 54 57 137 50 51 54 56 56 139 48 176 33
2013-08-13 17:38 48308000: 36 55 53 236 52 56 51 48 56 48 48 48 151 50 51 53 54 55 135 50 51 54 57 48 132 48 176 33
2013-08-13 17:39 48308000: 36 55 53 236 52 56 51 48 56 48 48 48 151 50 51 53 54 55 135 50 51 54 56 57 140 48 176 33
2013-08-13 17:40 48308000: 36 55 53 236 52 56 51 48 56 48 48 48 151 50 51 53 54 56 136 50 51 54 57 49 133 48 176 33
2013-08-13 17:41 48308000: 36 55 53 236 52 56 51 48 56 48 48 48 151 50 51 53 54 55 135 50 51 54 57 48 132 48 176 33
2013-08-13 17:42 48308000: 36 55 53 236 52 56 51 48 56 48 48 48 151 50 51 53 54 57 137 50 51 54 57 48 132 48 176 33
2013-08-13 17:43 48308000: 36 55 53 236 52 56 51 48 56 48 48 48 151 50 51 53 54 54 134 50 51 54 56 57 140 48 176 33
2013-08-13 17:44 48308000: 36 55 53 236 52 56 51 48 56 48 48 48 151 50 51 53 54 51 131 50 51 54 56 56 139 48 176 33
2013-08-13 17:45 48308000: 36 55 53 236 52 56 51 48 56 48 48 48 151 50 51 53 54 56 136 50 51 54 57 48 132 48 176 33
2013-08-13 17:46 48308000: 36 55 53 236 52 56 51 48 56 48 48 48 151 50 51 53 54 56 136 50 51 54 56 54 137 48 176 33
2013-08-13 17:47 48308000: 36 55 53 236 52 56 51 48 56 48 48 48 151 50 51 53 54 56 136 50 51 54 57 48 132 48 176 33
2013-08-13 17:48 48308000: 36 55 53 236 52 56 51 48 56 48 48 48 151 50 51 53 54 57 137 50 51 54 56 57 140 48 176 33
2013-08-13 17:49 48308000: 36 55 53 236 52 56 51 48 56 48 48 48 151 50 51 53 54 55 135 50 51 54 57 50 134 48 176 33
2013-08-13 17:50 48308000: 36 55 53 236 52 56 51 48 56 48 48 48 151 50 51 53 55 57 138 50 51 54 57 51 135 48 176 33
2013-08-13 17:51 48308000: 36 55 53 236 52 56 51 48 56 48 48 48 151 50 51 53 54 54 134 50 51 54 57 54 138 48 176 33
2013-08-13 17:52 48308000: 36 55 53 236 52 56 51 48 56 48 48 48 151 50 51 53 52 55 133 50 51 54 57 50 134 48 176 33
2013-08-13 17:53 48308000: 36 55 53 236 52 56 51 48 56 48 48 48 151 50 51 53 55 49 130 50 51 54 57 49 133 48 176 33
2013-08-13 17:54 48308000: 36 55 53 236 52 56 51 48 56 48 48 48 151 50 51 53 54 55 135 50 51 54 57 52 136 48 176 33
2013-08-13 17:55 48308000: 36 55 53 236 52 56 51 48 56 48 48 48 151 50 51 53 54 57 137 50 51 54 57 51 135 48 176 33
2013-08-13 17:56 48308000: 36 55 53 236 52 56 51 48 56 48 48 48 151 50 51 53 54 55 135 50 51 54 57 51 135 48 176 33
2013-08-13 17:57 48308000: 36 55 53 236 52 56 51 48 56 48 48 48 151 50 51 53 54 55 135 50 51 54 57 49 133 48 176 33
2013-08-13 17:58 48308000: 36 55 53 236 52 56 51 48 56 48 48 48 151 50 51 53 54 54 134 50 51 54 57 50 134 48 176 33
2013-08-13 17:59 48308000: 36 55 53 236 52 56 51 48 56 48 48 48 151 50 51 53 55 56 137 50 51 54 57 53 137 48 176 33
2013-08-13 18:00 48308000: 36 55 53 236 52 56 51 48 56 48 48 48 151 50 51 53 54 55 135 50 51 54 57 54 138 48 176 33
2013-08-13 18:01 48308000: 36 55 53 236 52 56 51 48 56 48 48 48 151 50 51 53 54 57 137 50 51 54 57 52 136 48 176 33
2013-08-22 10:25 52308000:
2013-08-22 10:27 52308000:
2013-08-22 10:53 52308000:
2013-08-22 11:47 52308000:
2013-08-27 10:01 702350:
2013-08-27 10:01 702351:
2013-08-27 10:01 702352:
2013-08-27 10:01 702353:
2013-08-27 10:01 702356:
2013-08-27 10:01 702359:
2013-08-27 10:01 702360:
2013-08-27 10:01 702361:
2013-08-27 10:01 702363:
2013-08-27 10:01 702364:
2013-08-27 10:09 702350:
2013-08-27 10:09 702351:
2013-08-27 10:09 702352:
2013-08-27 10:09 702353:
2013-08-27 10:09 702354:
2013-08-27 10:09 702355:
2013-08-27 10:09 702356:
2013-08-27 10:09 702357:
2013-08-27 10:09 702358:
2013-08-27 10:09 702359:
2013-08-27 10:09 702360:
2013-08-27 10:09 702361:
2013-08-27 10:09 702362:
2013-08-27 10:09 702363:
2013-08-27 10:09 702364:
2013-08-27 10:14 702350:
2013-08-27 10:14 702351:
2013-08-27 10:14 702352:
2013-08-27 10:14 702353:
2013-08-27 10:14 702354:
2013-08-27 10:14 702355:
2013-08-27 10:14 702356:
2013-08-27 10:14 702357:
2013-08-27 10:14 702358:
2013-08-27 10:14 702359:
2013-08-27 10:14 702360:
2013-08-27 10:14 702361:
2013-08-27 10:14 702362:
2013-08-27 10:14 702363:
2013-08-27 10:14 702364:
2013-08-27 10:19 702350:
2013-08-27 10:19 702351:
2013-08-27 10:19 702352:
2013-08-27 10:19 702353:
2013-08-27 10:19 702354:
2013-08-27 10:19 702355:
2013-08-27 10:19 702356:
2013-08-27 10:19 702357:
2013-08-27 10:19 702358:
2013-08-27 10:19 702359:
2013-08-27 10:19 702360:
2013-08-27 10:19 702361:
2013-08-27 10:19 702362:
2013-08-27 10:19 702363:
2013-08-27 10:19 702364:
2013-08-27 10:24 702350:
2013-08-27 10:24 702351:
2013-08-27 10:24 702352:
2013-08-27 10:24 702353:
2013-08-27 10:24 702354:
2013-08-27 10:24 702355:
2013-08-27 10:24 702356:
2013-08-27 10:24 702357:
2013-08-27 10:24 702358:
2013-08-27 10:24 702359:
2013-08-27 10:24 702360:
2013-08-27 10:24 702361:
2013-08-27 10:24 702362:
2013-08-27 10:24 702363:
2013-08-27 10:24 702364:
2013-08-27 10:29 702350:
2013-08-27 10:29 702351:
2013-08-27 10:29 702352:
2013-08-27 10:29 702353:
2013-08-27 10:29 702354:
2013-08-27 10:29 702355:
2013-08-27 10:29 702356:
2013-08-27 10:29 702357:
2013-08-27 10:29 702358:
2013-08-27 10:29 702359:
2013-08-27 10:29 702360:
2013-08-27 10:29 702361:
2013-08-27 10:29 702362:
2013-08-27 10:29 702363:
2013-08-27 10:29 702364:
2013-08-27 10:34 702350:
2013-08-27 10:34 702351:
2013-08-27 10:34 702352:
2013-08-27 10:34 702353:
2013-08-27 10:34 702354:
2013-08-27 10:34 702355:
2013-08-27 10:34 702356:
2013-08-27 10:34 702357:
2013-08-27 10:34 702358:
2013-08-27 10:34 702359:
2013-08-27 10:34 702360:
2013-08-27 10:34 702361:
2013-08-27 10:34 702362:
2013-08-27 10:34 702363:
2013-08-27 10:34 702364:
2013-08-27 10:39 702350:
2013-08-27 10:39 702351:
2013-08-27 10:39 702352:
2013-08-27 10:39 702353:
2013-08-27 10:39 702354:
2013-08-27 10:39 702355:
2013-08-27 10:39 702356:
2013-08-27 10:39 702357:
2013-08-27 10:39 702358:
2013-08-27 10:39 702359:
2013-08-27 10:39 702360:
2013-08-27 10:39 702361:
2013-08-27 10:39 702362:
2013-08-27 10:39 702363:
2013-08-27 10:39 702364:
2013-08-27 10:44 702350:
2013-08-27 10:44 702351:
2013-08-27 10:44 702352:
2013-08-27 10:44 702353:
2013-08-27 10:44 702354:
2013-08-27 10:44 702355:
2013-08-27 10:44 702356:
2013-08-27 10:44 702357:
2013-08-27 10:44 702358:
2013-08-27 10:44 702359:
2013-08-27 10:44 702360:
2013-08-27 10:44 702361:
2013-08-27 10:44 702362:
2013-08-27 10:44 702363:
2013-08-27 10:44 702364:
2013-08-27 10:49 702350:
2013-08-27 10:49 702351:
2013-08-27 10:49 702352:
2013-08-27 10:49 702353:
2013-08-27 10:49 702354:
2013-08-27 10:49 702355:
2013-08-27 10:49 702356:
2013-08-27 10:49 702357:
2013-08-27 10:49 702358:
2013-08-27 10:49 702359:
2013-08-27 10:49 702360:
2013-08-27 10:49 702361:
2013-08-27 10:49 702362:
2013-08-27 10:49 702363:
2013-08-27 10:49 702364:
2013-08-27 10:54 702350:
2013-08-27 10:54 702351:
2013-08-27 10:54 702352:
2013-08-27 10:54 702353:
2013-08-27 10:54 702354:
2013-08-27 10:54 702355:
2013-08-27 10:54 702356:
2013-08-27 10:54 702357:
2013-08-27 10:54 702358:
2013-08-27 10:54 702359:
2013-08-27 10:54 702360:
2013-08-27 10:54 702361:
2013-08-27 10:54 702362:
2013-08-27 10:54 702363:
2013-08-27 10:54 702364:
2013-08-27 10:59 702350:
2013-08-27 10:59 702351:
2013-08-27 10:59 702352:
2013-08-27 10:59 702353:
2013-08-27 10:59 702354:
2013-08-27 10:59 702355:
2013-08-27 10:59 702356:
2013-08-27 10:59 702357:
2013-08-27 10:59 702358:
2013-08-27 10:59 702359:
2013-08-27 10:59 702360:
2013-08-27 10:59 702361:
2013-08-27 10:59 702362:
2013-08-27 10:59 702363:
2013-08-27 10:59 702364:
2013-08-27 11:04 702350:
2013-08-27 11:04 702351:
2013-08-27 11:04 702352:
2013-08-27 11:04 702353:
2013-08-27 11:04 702354:
2013-08-27 11:04 702355:
2013-08-27 11:04 702356:
2013-08-27 11:04 702357:
2013-08-27 11:04 702358:
2013-08-27 11:04 702359:
2013-08-27 11:04 702360:
2013-08-27 11:04 702361:
2013-08-27 11:04 702362:
2013-08-27 11:04 702363:
2013-08-27 11:04 702364:
2013-08-27 11:09 702350:
2013-08-27 11:09 702351:
2013-08-27 11:09 702352:
2013-08-27 11:09 702353:
2013-08-27 11:09 702354:
2013-08-27 11:09 702355:
2013-08-27 11:09 702356:
2013-08-27 11:09 702357:
2013-08-27 11:09 702358:
2013-08-27 11:09 702359:
2013-08-27 11:09 702360:
2013-08-27 11:09 702361:
2013-08-27 11:09 702362:
2013-08-27 11:09 702363:
2013-08-27 11:09 702364:
2013-08-27 11:14 702350:
2013-08-27 11:14 702351:
2013-08-27 11:14 702352:
2013-08-27 11:14 702353:
2013-08-27 11:14 702354:
2013-08-27 11:14 702355:
2013-08-27 11:14 702356:
2013-08-27 11:14 702357:
2013-08-27 11:14 702358:
2013-08-27 11:14 702359:
2013-08-27 11:14 702360:
2013-08-27 11:14 702361:
2013-08-27 11:14 702362:
2013-08-27 11:14 702363:
2013-08-27 11:14 702364:
2013-08-27 11:19 702350:
2013-08-27 11:19 702351:
2013-08-27 11:19 702352:
2013-08-27 11:19 702353:
2013-08-27 11:19 702354:
2013-08-27 11:19 702355:
2013-08-27 11:19 702356:
2013-08-27 11:19 702357:
2013-08-27 11:19 702358:
2013-08-27 11:19 702359:
2013-08-27 11:19 702360:
2013-08-27 11:19 702361:
2013-08-27 11:19 702362:
2013-08-27 11:19 702363:
2013-08-27 11:19 702364:
2013-08-27 11:24 702350:
2013-08-27 11:24 702351:
2013-08-27 11:24 702352:
2013-08-27 11:24 702353:
2013-08-27 11:24 702354:
2013-08-27 11:24 702355:
2013-08-27 11:24 702356:
2013-08-27 11:24 702357:
2013-08-27 11:24 702358:
2013-08-27 11:24 702359:
2013-08-27 11:24 702360:
2013-08-27 11:24 702361:
2013-08-27 11:24 702362:
2013-08-27 11:24 702363:
2013-08-27 11:24 702364:
2013-08-27 11:29 702350:
2013-08-27 11:29 702351:
2013-08-27 11:29 702352:
2013-08-27 11:29 702353:
2013-08-27 11:29 702354:
2013-08-27 11:29 702355:
2013-08-27 11:29 702356:
2013-08-27 11:29 702357:
2013-08-27 11:29 702358:
2013-08-27 11:29 702359:
2013-08-27 11:29 702360:
2013-08-27 11:29 702361:
2013-08-27 11:29 702362:
2013-08-27 11:29 702363:
2013-08-27 11:29 702364:
2013-08-27 11:34 702350:
2013-08-27 11:34 702351:
2013-08-27 11:34 702352:
2013-08-27 11:34 702353:
2013-08-27 11:34 702354:
2013-08-27 11:34 702355:
2013-08-27 11:34 702356:
2013-08-27 11:34 702357:
2013-08-27 11:34 702358:
2013-08-27 11:34 702359:
2013-08-27 11:34 702360:
2013-08-27 11:34 702361:
2013-08-27 11:34 702362:
2013-08-27 11:34 702363:
2013-08-27 11:34 702364:
2013-08-27 11:39 702350:
2013-08-27 11:39 702351:
2013-08-27 11:39 702352:
2013-08-27 11:39 702353:
2013-08-27 11:39 702354:
2013-08-27 11:39 702355:
2013-08-27 11:39 702356:
2013-08-27 11:39 702357:
2013-08-27 11:39 702358:
2013-08-27 11:39 702359:
2013-08-27 11:39 702360:
2013-08-27 11:39 702361:
2013-08-27 11:39 702362:
2013-08-27 11:39 702363:
2013-08-27 11:39 702364:
2013-08-27 11:44 702350:
2013-08-27 11:44 702351:
2013-08-27 11:44 702352:
2013-08-27 11:44 702353:
2013-08-27 11:44 702354:
2013-08-27 11:44 702355:
2013-08-27 11:44 702356:
2013-08-27 11:44 702357:
2013-08-27 11:44 702358:
2013-08-27 11:44 702359:
2013-08-27 11:44 702360:
2013-08-27 11:44 702361:
2013-08-27 11:44 702362:
2013-08-27 11:44 702363:
2013-08-27 11:44 702364:
2013-08-27 11:49 702350:
2013-08-27 11:49 702351:
2013-08-27 11:49 702352:
2013-08-27 11:49 702353:
2013-08-27 11:49 702354:
2013-08-27 11:49 702355:
2013-08-27 11:49 702356:
2013-08-27 11:49 702357:
2013-08-27 11:49 702358:
2013-08-27 11:49 702359:
2013-08-27 11:49 702360:
2013-08-27 11:49 702361:
2013-08-27 11:49 702362:
2013-08-27 11:49 702363:
2013-08-27 11:49 702364:
2013-08-27 11:54 702350:
2013-08-27 11:54 702351:
2013-08-27 11:54 702352:
2013-08-27 11:54 702353:
2013-08-27 11:54 702354:
2013-08-27 11:54 702355:
2013-08-27 11:54 702356:
2013-08-27 11:54 702357:
2013-08-27 11:54 702358:
2013-08-27 11:54 702359:
2013-08-27 11:54 702360:
2013-08-27 11:54 702361:
2013-08-27 11:54 702362:
2013-08-27 11:54 702363:
2013-08-27 11:54 702364:
2013-08-27 11:59 702350:
2013-08-27 11:59 702351:
2013-08-27 11:59 702352:
2013-08-27 11:59 702353:
2013-08-27 11:59 702354:
2013-08-27 11:59 702355:
2013-08-27 11:59 702356:
2013-08-27 11:59 702357:
2013-08-27 11:59 702358:
2013-08-27 11:59 702359:
2013-08-27 11:59 702360:
2013-08-27 11:59 702361:
2013-08-27 11:59 702362:
2013-08-27 11:59 702363:
2013-08-27 11:59 702364:
2013-08-27 12:04 702350:
2013-08-27 12:04 702351:
2013-08-27 12:04 702352:
2013-08-27 12:04 702353:
2013-08-27 12:04 702354:
2013-08-27 12:04 702355:
2013-08-27 12:04 702356:
2013-08-27 12:04 702357:
2013-08-27 12:04 702358:
2013-08-27 12:04 702359:
2013-08-27 12:04 702360:
2013-08-27 12:04 702361:
2013-08-27 12:04 702362:
2013-08-27 12:04 702363:
2013-08-27 12:04 702364:
2013-08-27 12:09 702350:
2013-08-27 12:09 702351:
2013-08-27 12:09 702352:
2013-08-27 12:09 702353:
2013-08-27 12:09 702354:
2013-08-27 12:09 702355:
2013-08-27 12:09 702356:
2013-08-27 12:09 702357:
2013-08-27 12:09 702358:
2013-08-27 12:09 702359:
2013-08-27 12:09 702360:
2013-08-27 12:09 702361:
2013-08-27 12:09 702362:
2013-08-27 12:09 702363:
2013-08-27 12:09 702364:
2013-08-27 12:14 702350:
2013-08-27 12:14 702351:
2013-08-27 12:14 702352:
2013-08-27 12:14 702353:
2013-08-27 12:14 702354:
2013-08-27 12:14 702355:
2013-08-27 12:14 702356:
2013-08-27 12:14 702357:
2013-08-27 12:14 702358:
2013-08-27 12:14 702359:
2013-08-27 12:14 702360:
2013-08-27 12:14 702361:
2013-08-27 12:14 702362:
2013-08-27 12:14 702363:
2013-08-27 12:14 702364:
2013-08-27 12:19 702350:
2013-08-27 12:19 702351:
2013-08-27 12:19 702352:
2013-08-27 12:19 702353:
2013-08-27 12:19 702354:
2013-08-27 12:19 702355:
2013-08-27 12:19 702356:
2013-08-27 12:19 702357:
2013-08-27 12:19 702358:
2013-08-27 12:19 702359:
2013-08-27 12:19 702360:
2013-08-27 12:19 702361:
2013-08-27 12:19 702362:
2013-08-27 12:19 702363:
2013-08-27 12:19 702364:
2013-08-27 12:24 702350:
2013-08-27 12:24 702351:
2013-08-27 12:24 702352:
2013-08-27 12:24 702353:
2013-08-27 12:24 702354:
2013-08-27 12:24 702355:
2013-08-27 12:24 702356:
2013-08-27 12:24 702357:
2013-08-27 12:24 702358:
2013-08-27 12:24 702359:
2013-08-27 12:24 702360:
2013-08-27 12:24 702361:
2013-08-27 12:24 702362:
2013-08-27 12:24 702363:
2013-08-27 12:24 702364:
2013-08-27 12:29 702350:
2013-08-27 12:29 702351:
2013-08-27 12:29 702352:
2013-08-27 12:29 702353:
2013-08-27 12:29 702354:
2013-08-27 12:29 702355:
2013-08-27 12:29 702356:
2013-08-27 12:29 702357:
2013-08-27 12:29 702358:
2013-08-27 12:29 702359:
2013-08-27 12:29 702360:
2013-08-27 12:29 702361:
2013-08-27 12:29 702362:
2013-08-27 12:29 702363:
2013-08-27 12:29 702364:
2013-08-27 12:34 702350:
2013-08-27 12:34 702351:
2013-08-27 12:34 702352:
2013-08-27 12:34 702353:
2013-08-27 12:34 702354:
2013-08-27 12:34 702355:
2013-08-27 12:34 702356:
2013-08-27 12:34 702357:
2013-08-27 12:34 702358:
2013-08-27 12:34 702359:
2013-08-27 12:34 702360:
2013-08-27 12:34 702361:
2013-08-27 12:34 702362:
2013-08-27 12:34 702363:
2013-08-27 12:34 702364:
2013-08-27 12:39 702350:
2013-08-27 12:39 702351:
2013-08-27 12:39 702352:
2013-08-27 12:39 702353:
2013-08-27 12:39 702354:
2013-08-27 12:39 702355:
2013-08-27 12:39 702356:
2013-08-27 12:39 702357:
2013-08-27 12:39 702358:
2013-08-27 12:39 702359:
2013-08-27 12:39 702360:
2013-08-27 12:39 702361:
2013-08-27 12:39 702362:
2013-08-27 12:39 702363:
2013-08-27 12:39 702364:
2013-08-27 12:44 702350:
2013-08-27 12:44 702351:
2013-08-27 12:44 702352:
2013-08-27 12:44 702353:
2013-08-27 12:44 702354:
2013-08-27 12:44 702355:
2013-08-27 12:44 702356:
2013-08-27 12:44 702357:
2013-08-27 12:44 702358:
2013-08-27 12:44 702359:
2013-08-27 12:44 702360:
2013-08-27 12:44 702361:
2013-08-27 12:44 702362:
2013-08-27 12:44 702363:
2013-08-27 12:44 702364:
2013-08-27 12:49 702350:
2013-08-27 12:49 702351:
2013-08-27 12:49 702352:
2013-08-27 12:49 702353:
2013-08-27 12:49 702354:
2013-08-27 12:49 702355:
2013-08-27 12:49 702356:
2013-08-27 12:49 702357:
2013-08-27 12:49 702358:
2013-08-27 12:49 702359:
2013-08-27 12:49 702360:
2013-08-27 12:49 702361:
2013-08-27 12:49 702362:
2013-08-27 12:49 702363:
2013-08-27 12:49 702364:
2013-08-27 12:54 702350:
2013-08-27 12:54 702351:
2013-08-27 12:54 702352:
2013-08-27 12:54 702353:
2013-08-27 12:54 702354:
2013-08-27 12:54 702355:
2013-08-27 12:54 702356:
2013-08-27 12:54 702357:
2013-08-27 12:54 702358:
2013-08-27 12:54 702359:
2013-08-27 12:54 702360:
2013-08-27 12:54 702361:
2013-08-27 12:54 702362:
2013-08-27 12:54 702363:
2013-08-27 12:54 702364:
2013-08-27 12:59 702350:
2013-08-27 12:59 702351:
2013-08-27 12:59 702352:
2013-08-27 12:59 702353:
2013-08-27 12:59 702354:
2013-08-27 12:59 702355:
2013-08-27 12:59 702356:
2013-08-27 12:59 702357:
2013-08-27 12:59 702358:
2013-08-27 12:59 702359:
2013-08-27 12:59 702360:
2013-08-27 12:59 702361:
2013-08-27 12:59 702362:
2013-08-27 12:59 702363:
2013-08-27 12:59 702364:
2013-08-27 13:04 702350:
2013-08-27 13:04 702351:
2013-08-27 13:04 702352:
2013-08-27 13:04 702353:
2013-08-27 13:04 702354:
2013-08-27 13:04 702355:
2013-08-27 13:04 702356:
2013-08-27 13:04 702357:
2013-08-27 13:04 702358:
2013-08-27 13:04 702359:
2013-08-27 13:04 702360:
2013-08-27 13:04 702361:
2013-08-27 13:04 702362:
2013-08-27 13:04 702363:
2013-08-27 13:04 702364:
2013-08-27 13:09 702350:
2013-08-27 13:09 702351:
2013-08-27 13:09 702352:
2013-08-27 13:09 702353:
2013-08-27 13:09 702354:
2013-08-27 13:09 702355:
2013-08-27 13:09 702356:
2013-08-27 13:09 702357:
2013-08-27 13:09 702358:
2013-08-27 13:09 702359:
2013-08-27 13:09 702360:
2013-08-27 13:09 702361:
2013-08-27 13:09 702362:
2013-08-27 13:09 702363:
2013-08-27 13:09 702364:
2013-08-27 13:14 702350:
2013-08-27 13:14 702351:
2013-08-27 13:14 702352:
2013-08-27 13:14 702353:
2013-08-27 13:14 702354:
2013-08-27 13:14 702355:
2013-08-27 13:14 702356:
2013-08-27 13:14 702357:
2013-08-27 13:14 702358:
2013-08-27 13:14 702359:
2013-08-27 13:14 702360:
2013-08-27 13:14 702361:
2013-08-27 13:14 702362:
2013-08-27 13:14 702363:
2013-08-27 13:14 702364:
2013-08-27 13:19 702350:
2013-08-27 13:19 702351:
2013-08-27 13:19 702352:
2013-08-27 13:19 702353:
2013-08-27 13:19 702354:
2013-08-27 13:19 702355:
2013-08-27 13:19 702356:
2013-08-27 13:19 702357:
2013-08-27 13:19 702358:
2013-08-27 13:19 702359:
2013-08-27 13:19 702360:
2013-08-27 13:19 702361:
2013-08-27 13:19 702362:
2013-08-27 13:19 702363:
2013-08-27 13:19 702364:
2013-08-27 13:24 702350:
2013-08-27 13:24 702351:
2013-08-27 13:24 702352:
2013-08-27 13:24 702353:
2013-08-27 13:24 702354:
2013-08-27 13:24 702355:
2013-08-27 13:24 702356:
2013-08-27 13:24 702357:
2013-08-27 13:24 702358:
2013-08-27 13:24 702359:
2013-08-27 13:24 702360:
2013-08-27 13:24 702361:
2013-08-27 13:24 702362:
2013-08-27 13:24 702363:
2013-08-27 13:24 702364:
2013-08-27 13:29 702350:
2013-08-27 13:29 702351:
2013-08-27 13:29 702352:
2013-08-27 13:29 702353:
2013-08-27 13:29 702354:
2013-08-27 13:29 702355:
2013-08-27 13:29 702356:
2013-08-27 13:29 702357:
2013-08-27 13:29 702358:
2013-08-27 13:29 702359:
2013-08-27 13:29 702360:
2013-08-27 13:29 702361:
2013-08-27 13:29 702362:
2013-08-27 13:29 702363:
2013-08-27 13:29 702364:
2013-08-27 13:34 702350:
2013-08-27 13:34 702351:
2013-08-27 13:34 702352:
2013-08-27 13:34 702353:
2013-08-27 13:34 702354:
2013-08-27 13:34 702355:
2013-08-27 13:34 702356:
2013-08-27 13:34 702357:
2013-08-27 13:34 702358:
2013-08-27 13:34 702359:
2013-08-27 13:34 702360:
2013-08-27 13:34 702361:
2013-08-27 13:34 702362:
2013-08-27 13:34 702363:
2013-08-27 13:34 702364:
2013-08-31 11:43 702444:
2013-08-31 11:43 702445:
2013-08-31 11:43 702446:
2013-08-31 11:43 702447:
2013-08-31 11:43 702448:
2013-08-31 11:43 702449:
2013-08-31 11:43 702450:
2013-08-31 11:43 702451:
2013-08-31 11:43 702452:
2013-08-31 11:43 702453:
2013-08-31 11:43 702462:
2013-08-31 11:53 702444:
2013-08-31 11:53 702445:
2013-08-31 11:53 702446:
2013-08-31 11:53 702447:
2013-08-31 11:53 702448:
2013-08-31 11:53 702449:
2013-08-31 11:53 702450:
2013-08-31 11:53 702451:
2013-08-31 11:53 702452:
2013-08-31 11:53 702453:
2013-08-31 11:53 702462:
2013-08-31 13:36 702444:
2013-08-31 13:36 702445:
2013-08-31 13:36 702446:
2013-08-31 13:36 702447:
2013-08-31 13:36 702448:
2013-08-31 13:36 702449:
2013-08-31 13:36 702450:
2013-08-31 13:36 702451:
2013-08-31 13:36 702452:
2013-08-31 13:36 702453:
2013-08-31 13:36 702462:
2013-08-31 13:42 702444:
2013-08-31 13:42 702445:
2013-08-31 13:42 702446:
2013-08-31 13:42 702447:
2013-08-31 13:42 702448:
2013-08-31 13:42 702449:
2013-08-31 13:42 702450:
2013-08-31 13:42 702451:
2013-08-31 13:42 702452:
2013-08-31 13:42 702453:
2013-08-31 13:42 702462:
2013-08-31 13:47 702444:
2013-08-31 13:47 702445:
2013-08-31 13:47 702446:
2013-08-31 13:47 702447:
2013-08-31 13:47 702448:
2013-08-31 13:47 702449:
2013-08-31 13:47 702450:
2013-08-31 13:47 702451:
2013-08-31 13:47 702452:
2013-08-31 13:47 702453:
2013-08-31 13:47 702462:
2013-08-31 13:52 702444:
2013-08-31 13:52 702445:
2013-08-31 13:52 702446:
2013-08-31 13:52 702447:
2013-08-31 13:52 702448:
2013-08-31 13:52 702449:
2013-08-31 13:52 702450:
2013-08-31 13:52 702451:
2013-08-31 13:52 702452:
2013-08-31 13:52 702453:
2013-08-31 13:52 702462:
2013-08-31 13:57 702444:
2013-08-31 13:57 702445:
2013-08-31 13:57 702446:
2013-08-31 13:57 702447:
2013-08-31 13:57 702448:
2013-08-31 13:57 702449:
2013-08-31 13:57 702450:
2013-08-31 13:57 702451:
2013-08-31 13:57 702452:
2013-08-31 13:57 702453:
2013-08-31 13:57 702462:
2013-08-31 14:02 702444:
2013-08-31 14:02 702445:
2013-08-31 14:02 702446:
2013-08-31 14:02 702447:
2013-08-31 14:02 702448:
2013-08-31 14:02 702449:
2013-08-31 14:02 702450:
2013-08-31 14:02 702451:
2013-08-31 14:02 702452:
2013-08-31 14:02 702453:
2013-08-31 14:02 702462:
2013-08-31 14:58 702444:
2013-08-31 14:58 702445:
2013-08-31 14:58 702446:
2013-08-31 14:58 702447:
2013-08-31 14:58 702448:
2013-08-31 14:58 702449:
2013-08-31 14:58 702450:
2013-08-31 14:58 702451:
2013-08-31 14:58 702453:
2013-08-31 14:58 702454:
2013-08-31 14:58 702456:
2013-08-31 14:58 702457:
2013-08-31 14:58 702458:
2013-08-31 14:58 702460:
2013-08-31 14:58 702462:
2013-08-31 14:58 702463:
2013-08-31 15:03 702444:
2013-08-31 15:03 702445:
2013-08-31 15:03 702446:
2013-08-31 15:03 702447:
2013-08-31 15:03 702448:
2013-08-31 15:03 702449:
2013-08-31 15:03 702450:
2013-08-31 15:03 702451:
2013-08-31 15:03 702453:
2013-08-31 15:03 702454:
2013-08-31 15:03 702456:
2013-08-31 15:03 702457:
2013-08-31 15:03 702458:
2013-08-31 15:03 702460:
2013-08-31 15:03 702462:
2013-08-31 15:03 702463:
2013-08-31 15:10 702449:
2013-08-31 15:10 702450:
2013-08-31 15:10 702451:
2013-08-31 15:10 702452:
2013-08-31 15:10 702453:
2013-08-31 15:10 702454:
2013-08-31 15:10 702455:
2013-08-31 15:10 702456:
2013-08-31 15:10 702457:
2013-08-31 15:10 702458:
2013-08-31 15:10 702460:
2013-08-31 15:10 702462:
2013-08-31 15:10 702463:
2013-08-31 15:13 702444:
2013-08-31 15:13 702445:
2013-08-31 15:13 702446:
2013-08-31 15:13 702447:
2013-08-31 15:13 702448:
2013-08-31 15:13 702449:
2013-08-31 15:13 702450:
2013-08-31 15:13 702451:
2013-08-31 15:13 702452:
2013-08-31 15:13 702453:
2013-08-31 15:13 702454:
2013-08-31 15:13 702455:
2013-08-31 15:13 702456:
2013-08-31 15:13 702457:
2013-08-31 15:13 702458:
2013-08-31 15:13 702460:
2013-08-31 15:13 702462:
2013-08-31 15:13 702463:
2013-08-31 15:16 702444:
2013-08-31 15:16 702445:
2013-08-31 15:16 702446:
2013-08-31 15:16 702447:
2013-08-31 15:16 702448:
2013-08-31 15:16 702449:
2013-08-31 15:16 702450:
2013-08-31 15:16 702451:
2013-08-31 15:16 702452:
2013-08-31 15:16 702453:
2013-08-31 15:16 702454:
2013-08-31 15:16 702455:
2013-08-31 15:16 702456:
2013-08-31 15:16 702457:
2013-08-31 15:16 702458:
2013-08-31 15:16 702460:
2013-08-31 15:16 702462:
2013-08-31 15:16 702463:
2013-08-31 15:19 702444:
2013-08-31 15:19 702445:
2013-08-31 15:19 702446:
2013-08-31 15:19 702447:
2013-08-31 15:19 702448:
2013-08-31 15:19 702449:
2013-08-31 15:19 702450:
2013-08-31 15:19 702451:
2013-08-31 15:19 702452:
2013-08-31 15:19 702453:
2013-08-31 15:19 702454:
2013-08-31 15:19 702455:
2013-08-31 15:19 702456:
2013-08-31 15:19 702457:
2013-08-31 15:19 702458:
2013-08-31 15:19 702460:
2013-08-31 15:19 702462:
2013-08-31 15:19 702463:
2013-08-31 15:22 702444:
2013-08-31 15:22 702445:
2013-08-31 15:22 702446:
2013-08-31 15:22 702447:
2013-08-31 15:22 702448:
2013-08-31 15:22 702449:
2013-08-31 15:22 702450:
2013-08-31 15:22 702451:
2013-08-31 15:22 702452:
2013-08-31 15:22 702453:
2013-08-31 15:22 702454:
2013-08-31 15:22 702455:
2013-08-31 15:22 702456:
2013-08-31 15:22 702457:
2013-08-31 15:22 702458:
2013-08-31 15:22 702460:
2013-08-31 15:22 702462:
2013-08-31 15:22 702463:
2013-08-31 15:25 702444:
2013-08-31 15:25 702445:
2013-08-31 15:25 702446:
2013-08-31 15:25 702447:
2013-08-31 15:25 702448:
2013-08-31 15:25 702449:
2013-08-31 15:25 702450:
2013-08-31 15:25 702451:
2013-08-31 15:25 702452:
2013-08-31 15:25 702453:
2013-08-31 15:25 702454:
2013-08-31 15:25 702455:
2013-08-31 15:25 702456:
2013-08-31 15:25 702457:
2013-08-31 15:25 702458:
2013-08-31 15:25 702460:
2013-08-31 15:25 702462:
2013-08-31 15:25 702463:
2013-08-31 15:28 702444:
2013-08-31 15:28 702445:
2013-08-31 15:28 702446:
2013-08-31 15:28 702447:
2013-08-31 15:28 702448:
2013-08-31 15:28 702449:
2013-08-31 15:28 702450:
2013-08-31 15:28 702451:
2013-08-31 15:28 702452:
2013-08-31 15:28 702453:
2013-08-31 15:28 702454:
2013-08-31 15:28 702455:
2013-08-31 15:28 702456:
2013-08-31 15:28 702457:
2013-08-31 15:28 702458:
2013-08-31 15:28 702460:
2013-08-31 15:28 702462:
2013-08-31 15:28 702463:
2013-08-31 15:31 702444:
2013-08-31 15:31 702445:
2013-08-31 15:31 702446:
2013-08-31 15:31 702447:
2013-08-31 15:31 702448:
2013-08-31 15:31 702449:
2013-08-31 15:31 702450:
2013-08-31 15:31 702451:
2013-08-31 15:31 702452:
2013-08-31 15:31 702453:
2013-08-31 15:31 702454:
2013-08-31 15:31 702455:
2013-08-31 15:31 702456:
2013-08-31 15:31 702457:
2013-08-31 15:31 702458:
2013-08-31 15:31 702460:
2013-08-31 15:31 702462:
2013-08-31 15:31 702463:
2013-08-31 15:34 702444:
2013-08-31 15:34 702445:
2013-08-31 15:34 702446:
2013-08-31 15:34 702447:
2013-08-31 15:34 702448:
2013-08-31 15:34 702449:
2013-08-31 15:34 702450:
2013-08-31 15:34 702451:
2013-08-31 15:34 702452:
2013-08-31 15:34 702453:
2013-08-31 15:34 702454:
2013-08-31 15:34 702455:
2013-08-31 15:34 702456:
2013-08-31 15:34 702457:
2013-08-31 15:34 702458:
2013-08-31 15:34 702460:
2013-08-31 15:34 702462:
2013-08-31 15:34 702463:
