2013-10-11 14:34 51204002: 36 55 53 236 53 49 50 48 52 48 48 50 142 50 53 49 49 57 130 50 53 51 54 49 129 48 176 33
2013-10-11 14:35 51204002: 36 55 53 236 53 49 50 48 52 48 48 50 142 50 53 49 49 56 129 50 53 51 54 54 134 48 176 33
2013-10-11 14:36 51204002: 36 55 53 236 53 49 50 48 52 48 48 50 142 50 53 49 49 57 130 50 53 51 54 50 130 48 176 33
2013-10-11 14:37 51204002: 36 55 53 236 53 49 50 48 52 48 48 50 142 50 53 49 49 56 129 50 53 51 54 52 132 48 176 33
2013-10-11 14:38 51204002: 36 55 53 236 53 49 50 48 52 48 48 50 142 50 53 49 48 52 252 50 53 51 52 56 134 48 176 33
2013-10-11 14:39 51204002: 36 55 53 236 53 49 50 48 52 48 48 50 142 50 53 49 50 50 252 50 53 51 54 52 132 48 176 33
2013-10-11 14:40 51204002: 36 55 53 236 53 49 50 48 52 48 48 50 142 50 53 49 50 50 252 50 53 51 55 52 133 48 176 33
2013-10-11 14:41 51204002: 36 55 53 236 53 49 50 48 52 48 48 50 142 50 52 56 51 51 132 50 53 49 51 55 130 48 176 33
2013-10-11 14:42 51204002: 36 55 53 236 53 49 50 48 52 48 48 50 142 50 52 56 54 50 134 50 53 49 56 48 128 48 176 33
2013-10-11 14:43 51204002: 36 55 53 236 53 49 50 48 52 48 48 50 142 50 52 56 53 49 132 50 53 49 52 50 254 48 176 33
2013-10-11 14:44 51204002: 36 55 53 236 53 49 50 48 52 48 48 50 142 50 52 56 51 48 129 50 53 49 51 48 251 48 176 33
2013-10-11 14:45 51204002: 36 55 53 236 53 49 50 48 52 48 48 50 142 50 52 56 51 48 129 50 53 49 51 51 254 48 176 33
2013-10-11 14:46 51204002: 36 55 53 236 53 49 50 48 52 48 48 50 142 50 52 56 50 55 135 50 53 49 51 54 129 48 176 33
2013-10-11 14:47 51204002: 36 55 53 236 53 49 50 48 52 48 48 50 142 50 52 56 51 48 129 50 53 49 51 51 254 48 176 33
2013-10-11 14:48 51204002: 36 55 53 236 53 49 50 48 52 48 48 50 142 50 52 56 50 57 137 50 53 49 51 50 253 48 176 33
2013-10-11 14:49 51204002: 36 55 53 236 53 49 50 48 52 48 48 50 142 50 52 56 51 48 129 50 53 49 50 56 130 48 176 33
2013-10-11 14:50 51204002: 36 55 53 236 53 49 50 48 52 48 48 50 142 50 52 56 51 49 130 50 53 49 51 49 252 48 176 33
2013-10-11 14:51 51204002: 36 55 53 236 53 49 50 48 52 48 48 50 142 50 52 56 51 48 129 50 53 49 51 51 254 48 176 33
2013-10-11 14:52 51204002: 36 55 53 236 53 49 50 48 52 48 48 50 142 50 52 56 51 49 130 50 53 49 50 57 131 48 176 33
2013-10-11 14:53 51204002: 36 55 53 236 53 49 50 48 52 48 48 50 142 50 52 56 50 56 136 50 53 49 51 48 251 48 176 33
2013-10-11 14:54 51204002: 36 55 53 236 53 49 50 48 52 48 48 50 142 50 52 55 54 57 140 50 53 49 52 51 255 48 176 33
2013-10-11 14:55 51204002: 36 55 53 236 53 49 50 48 52 48 48 50 142 50 52 55 54 57 140 50 53 49 52 53 129 48 176 33
2013-10-11 14:56 51204002: 36 55 53 236 53 49 50 48 52 48 48 50 142 50 52 55 55 49 133 50 53 49 52 52 128 48 176 33
2013-10-11 14:57 51204002: 36 55 53 236 53 49 50 48 52 48 48 50 142 50 52 55 54 55 138 50 53 49 52 51 255 48 176 33
2013-10-11 14:58 51204002: 36 55 53 236 53 49 50 48 52 48 48 50 142 50 52 55 55 48 132 50 53 49 52 49 253 48 176 33
2013-10-11 14:59 51204002: 36 55 53 236 53 49 50 48 52 48 48 50 142 50 52 55 55 49 133 50 53 49 52 52 128 48 176 33
2013-10-16 08:23 701218:
2013-10-16 08:25 701218:
2013-10-16 08:27 701218:
2013-10-16 08:29 701218:
