2013-06-01 15:04 45111024: 36 51 55 234 48 48 53 51 50 49 57 49 149 53 52 54 159 49 52 50 151 49 51 228 33
2013-06-01 15:07 45111024: 36 51 55 234 48 48 53 51 50 49 57 49 149 53 52 54 159 49 52 50 151 49 53 230 33
2013-06-01 15:10 45111024: 36 51 55 234 48 48 53 51 50 49 57 49 149 53 52 54 159 49 52 50 151 49 52 229 33
2013-06-01 15:13 45111024: 36 51 55 234 48 48 53 51 50 49 57 49 149 53 52 52 157 49 52 49 150 49 51 228 33
2013-06-01 15:16 45111024: 36 51 55 234 48 48 53 51 50 49 57 49 149 53 52 54 159 49 52 50 151 49 53 230 33
2013-06-01 15:19 45111024: 36 51 55 234 48 48 53 51 50 49 57 49 149 53 52 52 157 49 52 49 150 49 52 229 33
2013-06-01 15:22 45111024: 36 51 55 234 48 48 53 51 50 49 57 49 149 53 52 54 159 49 52 50 151 49 50 227 33
2013-06-01 15:25 45111024: 36 51 55 234 48 48 53 51 50 49 57 49 149 53 52 54 159 49 52 50 151 49 52 229 33
2013-06-01 15:28 45111024: 36 51 55 234 48 48 53 51 50 49 57 49 149 53 52 52 157 49 52 49 150 49 52 229 33
2013-06-01 15:31 45111024: 36 51 55 234 48 48 53 51 50 49 57 49 149 53 52 52 157 49 52 49 150 49 51 228 33
2013-06-01 15:34 45111024: 36 51 55 234 48 48 53 51 50 49 57 49 149 53 52 54 159 49 52 50 151 49 51 228 33
2013-06-01 15:37 45111024: 36 51 55 234 48 48 53 51 50 49 57 49 149 53 52 54 159 49 52 50 151 49 52 229 33
2013-06-01 15:40 45111024: 36 51 55 234 48 48 53 51 50 49 57 49 149 53 52 57 162 49 52 51 152 49 51 228 33
2013-06-03 15:13 45109021: 36 52 49 229 48 48 54 48 49 56 52 52 151 48 176 48 176 49 50 227 33
2013-06-03 15:16 45109021: 36 52 49 229 48 48 54 48 49 56 52 52 151 48 176 48 176 49 50 227 33
2013-06-03 15:19 45109021: 36 52 49 229 48 48 54 48 49 56 52 52 151 48 176 48 176 49 50 227 33
2013-06-03 15:22 45109021: 36 52 49 229 48 48 54 48 49 56 52 52 151 48 176 48 176 49 50 227 33
2013-06-03 15:25 45109021: 36 52 49 229 48 48 54 48 49 56 52 52 151 48 176 48 176 49 51 228 33
2013-06-03 15:28 45109021: 36 52 49 229 48 48 54 48 49 56 52 52 151 48 176 48 176 49 50 227 33
2013-06-03 15:31 45109021: 36 52 49 229 48 48 54 48 49 56 52 52 151 48 176 48 176 49 50 227 33
2013-06-03 15:34 45109021: 36 52 49 229 48 48 54 48 49 56 52 52 151 48 176 48 176 49 50 227 33
2013-06-03 15:37 45109021: 36 52 49 229 48 48 54 48 49 56 52 52 151 48 176 48 176 49 51 228 33
2013-06-03 15:40 45109021: 36 52 49 229 48 48 54 48 49 56 52 52 151 48 176 48 176 49 50 227 33
2013-06-03 15:43 45109021: 36 52 49 229 48 48 54 48 49 56 52 52 151 48 176 48 176 49 51 228 33
2013-06-03 15:46 45109021: 36 52 49 229 48 48 54 48 49 56 52 52 151 48 176 48 176 49 51 228 33
2013-06-03 15:49 45109021: 36 52 49 229 48 48 54 48 49 56 52 52 151 48 176 48 176 49 51 228 33
2013-06-03 15:52 45109021: 36 52 49 229 48 48 54 48 49 56 52 52 151 48 176 48 176 49 50 227 33
2013-06-03 15:55 45109021: 36 52 49 229 48 48 54 48 49 56 52 52 151 48 176 48 176 49 51 228 33
2013-06-03 15:58 45109021: 36 52 49 229 48 48 54 48 49 56 52 52 151 48 176 48 176 49 51 228 33
2013-06-03 16:01 45109021: 36 52 49 229 48 48 54 48 49 56 52 52 151 48 176 48 176 49 51 228 33
2013-06-03 16:04 45109021: 36 52 49 229 48 48 54 48 49 56 52 52 151 48 176 48 176 49 50 227 33
2013-06-03 16:07 45109021: 36 52 49 229 48 48 54 48 49 56 52 52 151 48 176 48 176 49 50 227 33
2013-06-03 16:10 45109021: 36 52 49 229 48 48 54 48 49 56 52 52 151 48 176 48 176 49 51 228 33
2013-06-03 16:13 45109021: 36 52 49 229 48 48 54 48 49 56 52 52 151 48 176 48 176 49 50 227 33
2013-06-03 16:16 45109021: 36 52 49 229 48 48 54 48 49 56 52 52 151 48 176 48 176 49 51 228 33
2013-06-03 16:19 45109021: 36 52 49 229 48 48 54 48 49 56 52 52 151 48 176 48 176 49 50 227 33
2013-06-14 14:19 45306000: 36 51 55 234 48 48 53 51 50 49 57 49 149 53 54 48 155 49 52 54 155 49 50 227 33
2013-06-14 14:22 45306000: 36 51 55 234 48 48 53 51 50 49 57 49 149 53 52 57 162 49 52 51 152 49 50 227 33
2013-06-14 14:25 45306000: 36 51 55 234 48 48 53 51 50 49 57 49 149 53 52 54 159 49 52 50 151 49 50 227 33
2013-06-14 14:28 45306000: 36 51 55 234 48 48 53 51 50 49 57 49 149 53 52 54 159 49 52 50 151 49 50 227 33
2013-06-14 14:33 45306001: 36 51 55 234 48 48 53 51 50 49 57 49 149 53 54 48 155 49 52 54 155 49 49 226 33
2013-06-14 14:33 45306001: 36 51 55 234 48 48 53 51 50 49 57 49 149 53 54 48 155 49 52 54 155 49 49 226 33
2013-06-14 14:36 45306001: 36 51 55 234 48 48 53 51 50 49 57 49 149 53 52 54 159 49 52 50 151 49 49 226 33
2013-06-14 14:39 45306001: 36 51 55 234 48 48 53 51 50 49 57 49 149 53 52 52 157 49 52 49 150 49 49 226 33
2013-06-18 11:28 50211000: 36 55 57 240 53 48 50 49 49 48 48 48 137 48 176 56 184 48 176 33
2013-06-18 11:50 50211003: 36 55 57 240 53 48 50 49 49 48 48 51 140 48 176 49 177 48 176 33
2013-06-22 08:20 52205002:
2013-06-22 08:23 52205002:
2013-06-22 08:26 52205002:
2013-06-22 08:29 52205002:
2013-06-22 08:32 52205002:
2013-06-22 08:35 52205002:
2013-06-22 08:38 52205002:
2013-06-22 08:39 52205003:
2013-06-22 08:43 52205003:
2013-06-22 08:46 52205003:
2013-06-22 08:49 52205003:
2013-06-22 08:52 52205003:
2013-06-22 08:55 52205003:
2013-06-22 08:58 52205003:
2013-06-22 09:01 52205003:
2013-06-22 09:04 52205003:
2013-06-22 09:07 52205003:
2013-06-22 09:10 52205003:
2013-06-22 09:13 52205003:
2013-06-22 09:16 52205003:
2013-06-22 09:19 52205003:
2013-06-22 09:22 52205003:
2013-06-22 09:25 52205003:
2013-06-22 10:08 52205003:
2013-06-22 10:11 52205003:
2013-06-22 10:13 52205003:
2013-06-22 10:16 52205003:
2013-06-22 10:53 52205003:
2013-06-22 10:56 52205003:
2013-06-22 10:59 52205003:
2013-06-22 11:02 52205003:
2013-06-22 11:05 52205003:
2013-06-22 11:08 52205003:
2013-06-22 11:11 52205003:
2013-06-22 11:14 52205003:
2013-06-22 11:58 52205000:
2013-06-22 12:01 52205000:
2013-06-22 12:04 52205000:
2013-06-22 12:07 52205000:
2013-06-22 12:10 52205000:
2013-06-22 12:13 52205000:
2013-06-22 12:16 52205000:
2013-06-22 12:19 52205000:
2013-06-22 12:22 52205000:
2013-06-22 12:25 52205000:
2013-06-22 12:28 52205000:
2013-06-22 12:31 52205000:
2013-06-22 12:34 52205000:
2013-06-22 12:37 52205000:
2013-06-22 12:40 52205000:
2013-06-22 12:43 52205000:
2013-06-22 12:46 52205000:
2013-06-22 12:49 52205000:
2013-06-22 12:52 52205000:
2013-06-22 12:55 52205000:
2013-06-22 12:58 52205000:
2013-06-22 13:01 52205000:
2013-06-22 13:04 52205000:
2013-06-22 13:07 52205000:
2013-06-22 13:10 52205000:
2013-06-22 13:13 52205000:
2013-06-22 13:16 52205000:
2013-06-22 13:19 52205000:
2013-06-22 13:22 52205000:
2013-06-22 13:25 52205000:
2013-06-22 13:28 52205000:
2013-06-22 13:31 52205000:
2013-06-22 13:34 52205000:
2013-06-22 13:37 52205000:
2013-06-27 14:39 000981:
2013-06-27 14:42 000981:
2013-06-27 14:45 000981:
2013-06-27 14:48 000981:
2013-06-27 14:51 000981:
2013-06-27 14:54 000981:
2013-06-27 14:57 000981:
2013-06-27 15:41 000981:
2013-06-27 15:43 000981:
2013-06-27 15:45 000981:
2013-06-27 15:47 000981:
2013-06-27 15:49 000981:
2013-06-27 15:51 000981:
2013-06-27 15:53 000981:
2013-06-27 15:55 000981:
2013-06-27 15:57 000981:
