2013-07-08 15:18 46206028: 36 52 49 229 48 48 54 49 54 48 56 50 151 49 57 57 55 53 143 56 55 53 49 213 48 176 33
2013-07-08 15:21 46206028: 36 52 49 229 48 48 54 49 54 48 56 50 151 49 57 57 55 57 147 56 55 53 53 217 48 176 33
2013-07-08 15:24 46206028: 36 52 49 229 48 48 54 49 54 48 56 50 151 49 53 50 50 50 252 51 57 57 56 221 48 176 33
2013-07-08 15:27 46206028: 36 52 49 229 48 48 54 49 54 48 56 50 151 49 53 50 50 51 253 51 57 57 57 222 48 176 33
2013-07-08 15:30 46206028: 36 52 49 229 48 48 54 49 54 48 56 50 151 49 53 51 53 49 255 52 49 50 55 206 48 176 33
2013-07-08 15:36 46206013: 36 52 49 229 48 48 54 49 54 48 56 50 151 49 57 57 56 54 145 56 55 54 50 215 48 176 33
2013-07-08 15:39 46206013: 36 52 49 229 48 48 54 49 54 48 56 50 151 49 57 57 56 49 140 56 55 53 55 219 48 176 33
2013-07-08 15:42 46206013: 36 52 49 229 48 48 54 49 54 48 56 50 151 49 57 57 55 57 147 56 55 53 53 217 48 176 33
2013-07-08 15:45 46206013: 36 52 49 229 48 48 54 49 54 48 56 50 151 49 57 57 55 57 147 56 55 53 53 217 48 176 33
2013-07-08 15:48 46206013: 36 52 49 229 48 48 54 49 54 48 56 50 151 49 57 57 56 51 142 56 55 53 57 221 48 176 33
2013-07-08 15:59 46203041: 36 52 49 229 48 48 54 49 54 48 56 50 151 49 57 57 55 57 147 56 55 53 53 217 48 176 33
2013-07-08 16:02 46203041: 36 52 49 229 48 48 54 49 54 48 56 50 151 49 57 57 55 57 147 56 55 53 53 217 48 176 33
2013-07-08 16:05 46203041: 36 52 49 229 48 48 54 49 54 48 56 50 151 49 57 57 56 51 142 56 55 53 57 221 48 176 33
2013-07-08 16:08 46203041: 36 52 49 229 48 48 54 49 54 48 56 50 151 49 57 57 56 53 144 56 55 54 49 214 48 176 33
2013-07-08 16:11 46203041: 36 52 49 229 48 48 54 49 54 48 56 50 151 49 57 57 56 53 144 56 55 54 49 214 48 176 33
2013-07-08 16:14 46203041: 36 52 49 229 48 48 54 49 54 48 56 50 151 49 57 57 56 49 140 56 55 53 55 219 48 176 33
2013-07-08 16:17 46203041: 36 52 49 229 48 48 54 49 54 48 56 50 151 49 57 57 56 49 140 56 55 53 55 219 48 176 33
2013-07-08 16:20 46203041: 36 52 49 229 48 48 54 49 54 48 56 50 151 49 57 57 56 54 145 56 55 54 50 215 48 176 33
2013-07-08 16:24 46203041: 36 52 49 229 48 48 54 49 54 48 56 50 151 49 57 57 56 51 142 56 55 53 57 221 48 176 33
2013-07-08 16:26 46203041: 36 52 49 229 48 48 54 49 54 48 56 50 151 49 57 57 56 52 143 56 55 54 48 213 48 176 33
2013-07-08 16:37 46206015: 36 52 49 229 48 48 54 49 54 48 56 50 151 49 57 57 56 49 140 56 55 53 55 219 48 176 33
2013-07-08 16:40 46206015: 36 52 49 229 48 48 54 49 54 48 56 50 151 49 57 57 56 54 145 56 55 54 50 215 48 176 33
2013-07-10 16:26 702222:
2013-07-10 16:29 702222:
2013-07-10 16:32 702222:
2013-07-10 16:35 702222:
2013-07-10 16:38 702222:
2013-07-10 16:41 702222:
2013-07-10 16:44 702222:
2013-07-15 11:20 000981:
2013-07-15 11:23 000981:
2013-07-15 11:26 000981:
2013-07-15 11:29 000981:
2013-07-15 11:32 000981:
2013-07-15 11:41 000981:
2013-07-15 11:44 000981:
2013-07-18 10:32 45111010: 36 51 56 235 48 48 53 49 56 48 57 53 156 49 54 49 152 54 182 56 49 57 162 33
2013-07-18 10:35 45111010: 36 51 56 235 48 48 53 49 56 48 57 53 156 49 53 53 155 53 181 56 49 57 162 33
2013-07-18 10:38 45111010: 36 51 56 235 48 48 53 49 56 48 57 53 156 49 53 50 152 53 181 56 49 57 162 33
2013-07-18 10:41 45111010: 36 51 56 235 48 48 53 49 56 48 57 53 156 49 53 50 152 53 181 56 49 57 162 33
2013-07-18 10:44 45111010: 36 51 56 235 48 48 53 49 56 48 57 53 156 49 49 56 154 52 180 56 50 48 154 33
2013-07-18 10:47 45111010: 36 51 56 235 48 48 53 49 56 48 57 53 156 49 49 48 146 52 180 56 50 49 155 33
2013-07-18 10:50 45111010: 36 51 56 235 48 48 53 49 56 48 57 53 156 50 50 54 154 56 184 56 50 52 158 33
2013-07-18 10:53 45111010: 36 51 56 235 48 48 53 49 56 48 57 53 156 50 49 50 149 56 184 56 50 52 158 33
2013-07-18 10:56 45111010: 36 51 56 235 48 48 53 49 56 48 57 53 156 50 49 50 149 56 184 56 50 51 157 33
2013-07-18 10:59 45111010: 36 51 56 235 48 48 53 49 56 48 57 53 156 50 48 57 155 56 184 56 50 50 156 33
2013-07-18 11:02 45111010: 36 51 56 235 48 48 53 49 56 48 57 53 156 50 48 57 155 56 184 56 50 49 155 33
2013-07-18 11:05 45111010: 36 51 56 235 48 48 53 49 56 48 57 53 156 50 48 57 155 56 184 56 50 49 155 33
2013-07-18 11:08 45111010: 36 51 56 235 48 48 53 49 56 48 57 53 156 50 48 57 155 56 184 56 50 49 155 33
2013-07-18 11:11 45111010: 36 51 56 235 48 48 53 49 56 48 57 53 156 50 48 54 152 55 183 56 50 48 154 33
2013-07-18 11:14 45111010: 36 51 56 235 48 48 53 49 56 48 57 53 156 50 48 57 155 56 184 56 50 48 154 33
2013-07-18 11:17 45111010: 36 51 56 235 48 48 53 49 56 48 57 53 156 50 48 54 152 55 183 56 50 48 154 33
2013-07-18 11:20 45111010: 36 51 56 235 48 48 53 49 56 48 57 53 156 50 48 54 152 55 183 56 49 57 162 33
2013-07-18 11:23 45111010: 36 51 56 235 48 48 53 49 56 48 57 53 156 50 48 54 152 55 183 56 49 57 162 33
2013-07-18 11:26 45111010: 36 51 56 235 48 48 53 49 56 48 57 53 156 50 48 54 152 55 183 56 49 57 162 33
2013-07-18 11:29 45111010: 36 51 56 235 48 48 53 49 56 48 57 53 156 50 48 54 152 55 183 56 49 57 162 33
2013-07-18 11:32 45111010: 36 51 56 235 48 48 53 49 56 48 57 53 156 50 48 54 152 55 183 56 49 57 162 33
2013-07-18 11:35 45111010: 36 51 56 235 48 48 53 49 56 48 57 53 156 50 48 52 150 55 183 56 49 57 162 33
2013-07-18 11:38 45111010: 36 51 56 235 48 48 53 49 56 48 57 53 156 50 48 52 150 55 183 56 49 56 161 33
2013-07-18 11:41 45111010: 36 51 56 235 48 48 53 49 56 48 57 53 156 50 48 52 150 55 183 56 49 56 161 33
2013-07-18 11:44 45111010: 36 51 56 235 48 48 53 49 56 48 57 53 156 50 48 52 150 55 183 56 49 56 161 33
2013-07-18 11:47 45111010: 36 51 56 235 48 48 53 49 56 48 57 53 156 50 48 52 150 55 183 56 49 56 161 33
2013-07-18 11:50 45111010: 36 51 56 235 48 48 53 49 56 48 57 53 156 50 48 52 150 55 183 56 49 55 160 33
2013-07-18 11:53 45111010: 36 51 56 235 48 48 53 49 56 48 57 53 156 50 48 52 150 55 183 56 49 55 160 33
2013-07-18 11:56 45111010: 36 51 56 235 48 48 53 49 56 48 57 53 156 50 48 52 150 55 183 56 49 55 160 33
2013-07-18 11:59 45111010: 36 51 56 235 48 48 53 49 56 48 57 53 156 50 48 52 150 55 183 56 49 55 160 33
2013-07-18 13:34 45111010: 36 51 56 235 48 48 53 49 56 48 57 53 156 50 48 54 152 55 183 56 49 54 159 33
2013-07-18 13:37 45111010: 36 51 56 235 48 48 53 49 56 48 57 53 156 50 48 49 147 55 183 56 49 53 158 33
2013-07-18 13:40 45111010: 36 51 56 235 48 48 53 49 56 48 57 53 156 50 48 49 147 55 183 56 49 53 158 33
2013-07-18 13:43 45111010: 36 51 56 235 48 48 53 49 56 48 57 53 156 50 48 49 147 55 183 56 49 54 159 33
2013-07-18 13:46 45111010: 36 51 56 235 48 48 53 49 56 48 57 53 156 50 48 49 147 55 183 56 49 53 158 33
2013-07-18 13:49 45111010: 36 51 56 235 48 48 53 49 56 48 57 53 156 50 48 49 147 55 183 56 49 53 158 33
2013-07-18 13:52 45111010: 36 51 56 235 48 48 53 49 56 48 57 53 156 50 48 49 147 55 183 56 49 53 158 33
2013-07-18 13:55 45111010: 36 51 56 235 48 48 53 49 56 48 57 53 156 50 48 49 147 55 183 56 49 53 158 33
2013-07-18 13:58 45111010: 36 51 56 235 48 48 53 49 56 48 57 53 156 50 48 49 147 55 183 56 49 53 158 33
2013-07-18 14:01 45111010: 36 51 56 235 48 48 53 49 56 48 57 53 156 50 48 49 147 55 183 56 49 52 157 33
2013-07-18 14:04 45111010: 36 51 56 235 48 48 53 49 56 48 57 53 156 50 48 49 147 55 183 56 49 53 158 33
2013-07-18 14:07 45111010: 36 51 56 235 48 48 53 49 56 48 57 53 156 49 57 56 162 55 183 56 49 53 158 33
2013-07-18 14:10 45111010: 36 51 56 235 48 48 53 49 56 48 57 53 156 50 48 49 147 55 183 56 49 53 158 33
2013-07-18 14:13 45111010: 36 51 56 235 48 48 53 49 56 48 57 53 156 50 48 49 147 55 183 56 49 53 158 33
2013-07-18 14:16 45111010: 36 51 56 235 48 48 53 49 56 48 57 53 156 50 48 49 147 55 183 56 49 53 158 33
2013-07-18 14:19 45111010: 36 51 56 235 48 48 53 49 56 48 57 53 156 49 57 56 162 55 183 56 49 53 158 33
2013-07-18 14:22 45111010: 36 51 56 235 48 48 53 49 56 48 57 53 156 49 57 56 162 55 183 56 49 53 158 33
2013-07-18 14:25 45111010: 36 51 56 235 48 48 53 49 56 48 57 53 156 50 48 49 147 55 183 56 49 53 158 33
2013-07-25 09:25 00000000:
2013-07-25 09:28 00000000:
2013-07-25 09:31 00000000:
2013-07-25 09:34 00000000:
2013-07-25 09:37 00000000:
2013-07-25 09:40 00000000:
2013-07-25 09:43 00000000:
2013-07-25 09:46 00000000:
2013-07-25 09:49 00000000:
2013-07-25 09:52 00000000:
2013-07-25 09:55 00000000:
2013-07-25 09:58 00000000:
2013-07-25 10:01 00000000:
