2013-11-05 09:24 52205002:
2013-11-05 09:26 52205002:
2013-11-07 11:21 51204000: 36 55 53 236 53 49 50 48 52 48 48 48 140 50 52 56 53 52 135 50 53 49 56 48 128 48 176 33
2013-11-07 11:23 51204000: 36 55 53 236 53 49 50 48 52 48 48 48 140 50 52 56 53 57 140 50 53 49 56 52 132 48 176 33
2013-11-07 11:25 51204000: 36 55 53 236 53 49 50 48 52 48 48 48 140 50 52 56 54 51 135 50 53 49 56 49 129 48 176 33
2013-11-22 10:19 50311000: 36 55 57 240 53 48 51 49 49 48 48 48 138 50 48 56 154 49 177 48 176 33
2013-11-22 10:19 50311001: 36 55 57 240 53 48 51 49 49 48 48 49 139 52 54 51 157 53 181 48 176 33
2013-11-22 10:19 50311002: 36 55 57 240 53 48 51 49 49 48 48 50 140 51 53 56 160 55 183 48 176 33
2013-11-22 10:19 50311003: 36 55 57 240 53 48 51 49 49 48 48 51 141 49 53 52 154 49 177 48 176 33
2013-11-22 10:19 50311004: 36 55 57 240 53 48 51 49 49 48 48 52 142 50 55 48 153 54 182 48 176 33
2013-11-22 10:19 50311005: 36 55 57 240 53 48 51 49 49 48 48 53 143 50 56 56 162 49 177 48 176 33
2013-11-22 10:19 50311006: 36 55 57 240 53 48 51 49 49 48 48 54 144 57 53 238 54 182 48 176 33
2013-11-22 10:19 50311007: 36 55 57 240 53 48 51 49 49 48 48 55 145 51 50 52 153 56 184 48 176 33
2013-11-22 10:19 50311008: 36 55 57 240 53 48 51 49 49 48 48 56 146 49 50 48 147 49 177 48 176 33
2013-11-22 10:19 50311009: 36 55 57 240 53 48 51 49 49 48 48 57 147 50 48 55 153 54 182 48 176 33
2013-11-22 10:23 50311000: 36 55 57 240 53 48 51 49 49 48 48 48 138 50 48 54 152 49 177 48 176 33
2013-11-22 10:23 50311001: 36 55 57 240 53 48 51 49 49 48 48 49 139 52 53 48 153 53 181 48 176 33
2013-11-22 10:23 50311002: 36 55 57 240 53 48 51 49 49 48 48 50 140 51 56 52 159 55 183 48 176 33
2013-11-22 10:23 50311003: 36 55 57 240 53 48 51 49 49 48 48 51 141 57 52 237 49 177 48 176 33
2013-11-22 10:23 50311004: 36 55 57 240 53 48 51 49 49 48 48 52 142 50 53 49 152 54 182 48 176 33
2013-11-22 10:23 50311005: 36 55 57 240 53 48 51 49 49 48 48 53 143 50 52 55 157 48 176 48 176 33
2013-11-22 10:23 50311006: 36 55 57 240 53 48 51 49 49 48 48 54 144 57 50 235 54 182 48 176 33
2013-11-22 10:23 50311007: 36 55 57 240 53 48 51 49 49 48 48 55 145 51 51 52 154 56 184 48 176 33
2013-11-22 10:23 50311008: 36 55 57 240 53 48 51 49 49 48 48 56 146 49 50 49 148 49 177 48 176 33
2013-11-22 10:23 50311009: 36 55 57 240 53 48 51 49 49 48 48 57 147 49 57 54 160 54 182 48 176 33
2013-11-22 10:26 50311000: 36 55 57 240 53 48 51 49 49 48 48 48 138 50 50 50 150 49 177 48 176 33
2013-11-22 10:26 50311001: 36 55 57 240 53 48 51 49 49 48 48 49 139 52 55 57 164 53 181 48 176 33
2013-11-22 10:26 50311002: 36 55 57 240 53 48 51 49 49 48 48 50 140 50 52 50 152 55 183 48 176 33
2013-11-22 10:26 50311003: 36 55 57 240 53 48 51 49 49 48 48 51 141 51 49 51 151 49 177 48 176 33
2013-11-22 10:26 50311004: 36 55 57 240 53 48 51 49 49 48 48 52 142 51 48 53 152 54 182 48 176 33
2013-11-22 10:26 50311005: 36 55 57 240 53 48 51 49 49 48 48 53 143 50 52 55 157 48 176 48 176 33
2013-11-22 10:26 50311006: 36 55 57 240 53 48 51 49 49 48 48 54 144 49 48 52 149 54 182 48 176 33
2013-11-22 10:26 50311007: 36 55 57 240 53 48 51 49 49 48 48 55 145 51 52 50 153 56 184 48 176 33
2013-11-22 10:26 50311008: 36 55 57 240 53 48 51 49 49 48 48 56 146 49 48 57 154 49 177 48 176 33
2013-11-22 10:26 50311009: 36 55 57 240 53 48 51 49 49 48 48 57 147 50 49 53 152 54 182 48 176 33
2013-11-22 10:29 50311000: 36 55 57 240 53 48 51 49 49 48 48 48 138 49 55 55 159 49 177 48 176 33
2013-11-22 10:29 50311001: 36 55 57 240 53 48 51 49 49 48 48 49 139 52 55 56 163 53 181 48 176 33
2013-11-22 10:29 50311002: 36 55 57 240 53 48 51 49 49 48 48 50 140 51 53 50 154 55 183 48 176 33
2013-11-22 10:29 50311003: 36 55 57 240 53 48 51 49 49 48 48 51 141 51 49 51 151 49 177 48 176 33
2013-11-22 10:29 50311004: 36 55 57 240 53 48 51 49 49 48 48 52 142 51 50 54 155 54 182 48 176 33
2013-11-22 10:29 50311005: 36 55 57 240 53 48 51 49 49 48 48 53 143 50 52 54 156 48 176 48 176 33
2013-11-22 10:29 50311006: 36 55 57 240 53 48 51 49 49 48 48 54 144 49 49 56 154 54 182 48 176 33
2013-11-22 10:29 50311007: 36 55 57 240 53 48 51 49 49 48 48 55 145 51 50 56 157 56 184 48 176 33
2013-11-22 10:29 50311008: 36 55 57 240 53 48 51 49 49 48 48 56 146 49 51 56 156 49 177 48 176 33
2013-11-22 10:29 50311009: 36 55 57 240 53 48 51 49 49 48 48 57 147 49 56 55 160 54 182 48 176 33
2013-11-22 10:32 50311000: 36 55 57 240 53 48 51 49 49 48 48 48 138 50 50 53 153 49 177 48 176 33
2013-11-22 10:32 50311001: 36 55 57 240 53 48 51 49 49 48 48 49 139 52 56 54 162 53 181 48 176 33
2013-11-22 10:32 50311002: 36 55 57 240 53 48 51 49 49 48 48 50 140 51 52 55 158 55 183 48 176 33
2013-11-22 10:32 50311003: 36 55 57 240 53 48 51 49 49 48 48 51 141 51 48 50 149 49 177 48 176 33
2013-11-22 10:32 50311004: 36 55 57 240 53 48 51 49 49 48 48 52 142 51 49 56 156 54 182 48 176 33
2013-11-22 10:32 50311005: 36 55 57 240 53 48 51 49 49 48 48 53 143 50 51 50 151 48 176 48 176 33
2013-11-22 10:32 50311006: 36 55 57 240 53 48 51 49 49 48 48 54 144 49 49 53 151 54 182 48 176 33
2013-11-22 10:32 50311007: 36 55 57 240 53 48 51 49 49 48 48 55 145 51 49 50 150 56 184 48 176 33
2013-11-22 10:32 50311008: 36 55 57 240 53 48 51 49 49 48 48 56 146 49 52 57 158 49 177 48 176 33
2013-11-22 10:32 50311009: 36 55 57 240 53 48 51 49 49 48 48 57 147 49 57 51 157 54 182 48 176 33
2013-11-22 10:35 50311000: 36 55 57 240 53 48 51 49 49 48 48 48 138 48 176 49 177 48 176 33
2013-11-22 10:35 50311001: 36 55 57 240 53 48 51 49 49 48 48 49 139 48 176 53 181 48 176 33
2013-11-22 10:35 50311002: 36 55 57 240 53 48 51 49 49 48 48 50 140 48 176 55 183 48 176 33
2013-11-22 10:35 50311003: 36 55 57 240 53 48 51 49 49 48 48 51 141 48 176 49 177 48 176 33
2013-11-22 10:35 50311004: 36 55 57 240 53 48 51 49 49 48 48 52 142 48 176 54 182 48 176 33
2013-11-22 10:35 50311005: 36 55 57 240 53 48 51 49 49 48 48 53 143 48 176 48 176 48 176 33
2013-11-22 10:35 50311006: 36 55 57 240 53 48 51 49 49 48 48 54 144 48 176 54 182 48 176 33
2013-11-22 10:35 50311007: 36 55 57 240 53 48 51 49 49 48 48 55 145 48 176 56 184 48 176 33
2013-11-22 10:35 50311008: 36 55 57 240 53 48 51 49 49 48 48 56 146 48 176 49 177 48 176 33
2013-11-22 10:35 50311009: 36 55 57 240 53 48 51 49 49 48 48 57 147 48 176 54 182 48 176 33
2013-11-22 10:38 50311000: 36 55 57 240 53 48 51 49 49 48 48 48 138 48 176 49 177 48 176 33
2013-11-22 10:38 50311001: 36 55 57 240 53 48 51 49 49 48 48 49 139 48 176 53 181 48 176 33
2013-11-22 10:38 50311002: 36 55 57 240 53 48 51 49 49 48 48 50 140 48 176 55 183 48 176 33
2013-11-22 10:38 50311003: 36 55 57 240 53 48 51 49 49 48 48 51 141 48 176 49 177 48 176 33
2013-11-22 10:38 50311004: 36 55 57 240 53 48 51 49 49 48 48 52 142 48 176 54 182 48 176 33
2013-11-22 10:38 50311005: 36 55 57 240 53 48 51 49 49 48 48 53 143 48 176 48 176 48 176 33
2013-11-22 10:38 50311006: 36 55 57 240 53 48 51 49 49 48 48 54 144 48 176 54 182 48 176 33
2013-11-22 10:38 50311007: 36 55 57 240 53 48 51 49 49 48 48 55 145 48 176 56 184 48 176 33
2013-11-22 10:38 50311008: 36 55 57 240 53 48 51 49 49 48 48 56 146 48 176 49 177 48 176 33
2013-11-22 10:38 50311009: 36 55 57 240 53 48 51 49 49 48 48 57 147 48 176 54 182 48 176 33
2013-11-22 10:41 50311000: 36 55 57 240 53 48 51 49 49 48 48 48 138 48 176 49 177 48 176 33
2013-11-22 10:41 50311001: 36 55 57 240 53 48 51 49 49 48 48 49 139 48 176 53 181 48 176 33
2013-11-22 10:41 50311002: 36 55 57 240 53 48 51 49 49 48 48 50 140 48 176 55 183 48 176 33
2013-11-22 10:41 50311003: 36 55 57 240 53 48 51 49 49 48 48 51 141 48 176 49 177 48 176 33
2013-11-22 10:41 50311004: 36 55 57 240 53 48 51 49 49 48 48 52 142 48 176 54 182 48 176 33
2013-11-22 10:41 50311005: 36 55 57 240 53 48 51 49 49 48 48 53 143 48 176 48 176 48 176 33
2013-11-22 10:41 50311006: 36 55 57 240 53 48 51 49 49 48 48 54 144 48 176 54 182 48 176 33
2013-11-22 10:41 50311007: 36 55 57 240 53 48 51 49 49 48 48 55 145 48 176 56 184 48 176 33
2013-11-22 10:41 50311008: 36 55 57 240 53 48 51 49 49 48 48 56 146 48 176 49 177 48 176 33
2013-11-22 10:41 50311009: 36 55 57 240 53 48 51 49 49 48 48 57 147 48 176 54 182 48 176 33
2013-11-22 10:44 50311000: 36 55 57 240 53 48 51 49 49 48 48 48 138 48 176 49 177 48 176 33
2013-11-22 10:44 50311001: 36 55 57 240 53 48 51 49 49 48 48 49 139 48 176 53 181 48 176 33
2013-11-22 10:44 50311002: 36 55 57 240 53 48 51 49 49 48 48 50 140 48 176 55 183 48 176 33
2013-11-22 10:44 50311003: 36 55 57 240 53 48 51 49 49 48 48 51 141 48 176 49 177 48 176 33
2013-11-22 10:44 50311004: 36 55 57 240 53 48 51 49 49 48 48 52 142 48 176 54 182 48 176 33
2013-11-22 10:44 50311005: 36 55 57 240 53 48 51 49 49 48 48 53 143 48 176 48 176 48 176 33
2013-11-22 10:44 50311006: 36 55 57 240 53 48 51 49 49 48 48 54 144 48 176 54 182 48 176 33
2013-11-22 10:44 50311007: 36 55 57 240 53 48 51 49 49 48 48 55 145 48 176 50 178 48 176 33
2013-11-22 10:44 50311008: 36 55 57 240 53 48 51 49 49 48 48 56 146 48 176 49 177 48 176 33
2013-11-22 10:44 50311009: 36 55 57 240 53 48 51 49 49 48 48 57 147 48 176 54 182 48 176 33
2013-11-22 10:47 50311000: 36 55 57 240 53 48 51 49 49 48 48 48 138 48 176 49 177 48 176 33
2013-11-22 10:47 50311001: 36 55 57 240 53 48 51 49 49 48 48 49 139 48 176 53 181 48 176 33
2013-11-22 10:47 50311002: 36 55 57 240 53 48 51 49 49 48 48 50 140 48 176 55 183 48 176 33
2013-11-22 10:47 50311003: 36 55 57 240 53 48 51 49 49 48 48 51 141 48 176 49 177 48 176 33
2013-11-22 10:47 50311004: 36 55 57 240 53 48 51 49 49 48 48 52 142 48 176 54 182 48 176 33
2013-11-22 10:47 50311005: 36 55 57 240 53 48 51 49 49 48 48 53 143 48 176 48 176 48 176 33
2013-11-22 10:47 50311006: 36 55 57 240 53 48 51 49 49 48 48 54 144 48 176 54 182 48 176 33
2013-11-22 10:47 50311007: 36 55 57 240 53 48 51 49 49 48 48 55 145 48 176 56 184 48 176 33
2013-11-22 10:47 50311008: 36 55 57 240 53 48 51 49 49 48 48 56 146 48 176 49 177 48 176 33
2013-11-22 10:47 50311009: 36 55 57 240 53 48 51 49 49 48 48 57 147 48 176 54 182 48 176 33
2013-11-22 10:50 50311000: 36 55 57 240 53 48 51 49 49 48 48 48 138 48 176 49 177 48 176 33
2013-11-22 10:50 50311001: 36 55 57 240 53 48 51 49 49 48 48 49 139 48 176 53 181 48 176 33
2013-11-22 10:50 50311002: 36 55 57 240 53 48 51 49 49 48 48 50 140 48 176 55 183 48 176 33
2013-11-22 10:50 50311003: 36 55 57 240 53 48 51 49 49 48 48 51 141 48 176 49 177 48 176 33
2013-11-22 10:50 50311004: 36 55 57 240 53 48 51 49 49 48 48 52 142 48 176 54 182 48 176 33
2013-11-22 10:50 50311005: 36 55 57 240 53 48 51 49 49 48 48 53 143 48 176 48 176 48 176 33
2013-11-22 10:50 50311006: 36 55 57 240 53 48 51 49 49 48 48 54 144 48 176 54 182 48 176 33
2013-11-22 10:50 50311007: 36 55 57 240 53 48 51 49 49 48 48 55 145 48 176 56 184 48 176 33
2013-11-22 10:50 50311008: 36 55 57 240 53 48 51 49 49 48 48 56 146 48 176 49 177 48 176 33
2013-11-22 10:50 50311009: 36 55 57 240 53 48 51 49 49 48 48 57 147 48 176 54 182 48 176 33
2013-11-22 10:53 50311000: 36 55 57 240 53 48 51 49 49 48 48 48 138 48 176 49 177 48 176 33
2013-11-22 10:53 50311001: 36 55 57 240 53 48 51 49 49 48 48 49 139 48 176 53 181 48 176 33
2013-11-22 10:53 50311002: 36 55 57 240 53 48 51 49 49 48 48 50 140 48 176 55 183 48 176 33
2013-11-22 10:53 50311003: 36 55 57 240 53 48 51 49 49 48 48 51 141 48 176 49 177 48 176 33
2013-11-22 10:53 50311004: 36 55 57 240 53 48 51 49 49 48 48 52 142 48 176 54 182 48 176 33
2013-11-22 10:53 50311005: 36 55 57 240 53 48 51 49 49 48 48 53 143 48 176 48 176 48 176 33
2013-11-22 10:53 50311006: 36 55 57 240 53 48 51 49 49 48 48 54 144 48 176 54 182 48 176 33
2013-11-22 10:53 50311007: 36 55 57 240 53 48 51 49 49 48 48 55 145 48 176 56 184 48 176 33
2013-11-22 10:53 50311008: 36 55 57 240 53 48 51 49 49 48 48 56 146 48 176 49 177 48 176 33
2013-11-22 10:53 50311009: 36 55 57 240 53 48 51 49 49 48 48 57 147 48 176 54 182 48 176 33
2013-11-22 10:56 50311000: 36 55 57 240 53 48 51 49 49 48 48 48 138 48 176 49 177 48 176 33
2013-11-22 10:56 50311001: 36 55 57 240 53 48 51 49 49 48 48 49 139 48 176 53 181 48 176 33
2013-11-22 10:56 50311002: 36 55 57 240 53 48 51 49 49 48 48 50 140 48 176 55 183 48 176 33
2013-11-22 10:56 50311003: 36 55 57 240 53 48 51 49 49 48 48 51 141 48 176 49 177 48 176 33
2013-11-22 10:56 50311004: 36 55 57 240 53 48 51 49 49 48 48 52 142 48 176 54 182 48 176 33
2013-11-22 10:56 50311005: 36 55 57 240 53 48 51 49 49 48 48 53 143 48 176 48 176 48 176 33
2013-11-22 10:56 50311006: 36 55 57 240 53 48 51 49 49 48 48 54 144 48 176 54 182 48 176 33
2013-11-22 10:56 50311008: 36 55 57 240 53 48 51 49 49 48 48 56 146 48 176 49 177 48 176 33
2013-11-26 17:02 000000:
2013-11-26 17:03 000000:
2013-11-26 17:04 000000:
2013-11-26 17:05 000000:
2013-11-26 17:06 000000:
2013-11-26 17:07 000000:
2013-11-26 17:08 000000:
2013-11-26 17:09 000000:
2013-11-26 17:10 000000:
2013-11-26 17:11 000000:
2013-11-26 17:12 000000:
2013-11-26 17:13 000000:
2013-11-26 17:14 000000:
2013-11-26 17:15 000000:
2013-11-26 17:16 000000:
2013-11-26 17:17 000000:
2013-11-26 17:18 000000:
2013-11-26 17:19 000000:
2013-11-26 17:20 000000:
2013-11-26 17:23 000000:
2013-11-26 17:24 000000:
2013-11-26 17:25 000000:
2013-11-26 17:26 000000:
2013-11-26 17:27 000000:
2013-11-26 17:28 000000:
2013-11-26 17:29 000000:
2013-11-26 17:30 000000:
2013-11-26 17:31 000000:
2013-11-26 17:32 000000:
2013-11-26 17:33 000000:
2013-11-26 17:34 000000:
2013-11-26 17:35 000000:
2013-11-26 17:36 000000:
2013-11-26 17:37 000000:
2013-11-26 17:38 000000:
2013-11-26 17:39 000000:
2013-11-26 17:40 000000:
2013-11-26 17:41 000000:
2013-11-26 17:42 000000:
2013-11-26 17:43 000000:
2013-11-26 17:44 000000:
2013-11-26 17:45 000000:
2013-11-26 17:46 000000:
2013-11-26 17:47 000000:
2013-11-26 17:48 000000:
2013-11-26 17:49 000000:
2013-11-26 17:50 000000:
2013-11-26 17:51 000000:
2013-11-26 17:52 000000:
2013-11-26 17:53 000000:
2013-11-26 17:54 000000:
2013-11-26 17:55 000000:
2013-11-26 17:56 000000:
2013-11-26 17:57 000000:
2013-11-26 17:58 000000:
2013-11-26 17:59 000000:
2013-11-26 18:00 000000:
2013-11-26 18:01 000000:
2013-11-26 18:02 000000:
2013-11-26 18:03 000000:
2013-11-26 18:04 000000:
2013-11-26 18:05 000000:
2013-11-26 18:06 000000:
2013-11-26 18:07 000000:
2013-11-26 18:08 000000:
2013-11-26 18:09 000000:
2013-11-26 18:10 000000:
2013-11-26 18:11 000000:
2013-11-26 18:12 000000:
2013-11-26 18:13 000000:
2013-11-26 18:14 000000:
2013-11-26 18:15 000000:
2013-11-26 18:16 000000:
2013-11-26 18:17 000000:
2013-11-26 18:18 000000:
2013-11-26 18:19 000000:
2013-11-26 18:20 000000:
2013-11-26 18:21 000000:
2013-11-26 18:22 000000:
2013-11-26 18:23 000000:
2013-11-26 18:24 000000:
2013-11-26 18:25 000000:
2013-11-26 18:26 000000:
2013-11-26 18:27 000000:
2013-11-26 18:28 000000:
2013-11-26 18:29 000000:
2013-11-26 18:30 000000:
2013-11-26 18:31 000000:
2013-11-26 18:32 000000:
2013-11-26 18:33 000000:
2013-11-26 18:34 000000:
2013-11-26 18:35 000000:
2013-11-26 18:36 000000:
2013-11-26 18:37 000000:
2013-11-26 18:38 000000:
2013-11-26 18:39 000000:
2013-11-26 18:40 000000:
2013-11-26 18:41 000000:
2013-11-26 18:42 000000:
2013-11-26 18:43 000000:
2013-11-26 18:44 000000:
2013-11-26 18:45 000000:
2013-11-26 18:46 000000:
2013-11-26 18:47 000000:
2013-11-26 18:48 000000:
2013-11-26 18:49 000000:
2013-11-26 18:50 000000:
2013-11-26 18:51 000000:
2013-11-26 18:52 000000:
2013-11-26 18:53 000000:
2013-11-26 18:54 000000:
2013-11-26 18:55 000000:
2013-11-26 18:56 000000:
2013-11-26 18:57 000000:
2013-11-26 18:58 000000:
2013-11-26 18:59 000000:
2013-11-26 19:00 000000:
2013-11-26 19:01 000000:
2013-11-26 19:02 000000:
2013-11-26 19:03 000000:
2013-11-26 19:04 000000:
2013-11-26 19:05 000000:
2013-11-26 19:06 000000:
2013-11-26 19:07 000000:
2013-11-26 19:08 000000:
2013-11-26 19:09 000000:
2013-11-26 19:10 000000:
2013-11-26 19:11 000000:
2013-11-26 19:12 000000:
2013-11-26 19:13 000000:
2013-11-26 19:14 000000:
2013-11-26 19:15 000000:
2013-11-26 19:16 000000:
2013-11-26 19:17 000000:
2013-11-26 19:18 000000:
2013-11-26 19:19 000000:
2013-11-26 19:20 000000:
2013-11-26 19:21 000000:
2013-11-26 19:22 000000:
2013-11-26 19:23 000000:
2013-11-26 19:24 000000:
2013-11-26 19:25 000000:
2013-11-26 19:26 000000:
2013-11-26 19:27 000000:
2013-11-26 19:28 000000:
2013-11-26 19:29 000000:
2013-11-26 19:30 000000:
2013-11-26 19:31 000000:
2013-11-26 19:32 000000:
2013-11-26 19:33 000000:
2013-11-26 19:34 000000:
2013-11-26 19:35 000000:
2013-11-26 19:36 000000:
2013-11-26 19:37 000000:
2013-11-26 19:38 000000:
2013-11-26 19:39 000000:
2013-11-26 19:40 000000:
2013-11-26 19:41 000000:
2013-11-26 19:42 000000:
2013-11-26 19:43 000000:
2013-11-26 19:44 000000:
2013-11-26 19:45 000000:
2013-11-26 19:46 000000:
2013-11-26 19:47 000000:
2013-11-26 19:48 000000:
2013-11-26 19:49 000000:
2013-11-26 19:50 000000:
2013-11-26 19:51 000000:
2013-11-26 19:52 000000:
2013-11-26 19:53 000000:
2013-11-26 19:54 000000:
2013-11-26 19:55 000000:
2013-11-26 19:56 000000:
2013-11-26 19:57 000000:
2013-11-26 19:58 000000:
2013-11-26 19:59 000000:
2013-11-26 20:00 000000:
2013-11-26 20:01 000000:
2013-11-26 20:02 000000:
2013-11-26 20:03 000000:
2013-11-26 20:04 000000:
2013-11-26 20:05 000000:
2013-11-26 20:06 000000:
2013-11-26 20:07 000000:
2013-11-26 20:08 000000:
2013-11-26 20:09 000000:
2013-11-26 20:10 000000:
2013-11-26 20:11 000000:
2013-11-26 20:12 000000:
2013-11-26 20:13 000000:
2013-11-26 20:14 000000:
2013-11-26 20:15 000000:
2013-11-26 20:16 000000:
2013-11-26 20:17 000000:
2013-11-26 20:18 000000:
2013-11-26 20:19 000000:
2013-11-26 20:20 000000:
2013-11-26 20:21 000000:
2013-11-26 20:22 000000:
2013-11-26 20:23 000000:
2013-11-26 20:24 000000:
2013-11-26 20:25 000000:
2013-11-26 20:26 000000:
2013-11-26 20:27 000000:
2013-11-26 20:28 000000:
2013-11-26 20:29 000000:
2013-11-26 20:30 000000:
2013-11-26 20:31 000000:
2013-11-26 20:32 000000:
2013-11-26 20:33 000000:
2013-11-26 20:34 000000:
2013-11-26 20:35 000000:
2013-11-26 20:36 000000:
2013-11-26 20:37 000000:
2013-11-26 20:38 000000:
2013-11-26 20:39 000000:
2013-11-26 20:40 000000:
2013-11-26 20:41 000000:
2013-11-26 20:42 000000:
2013-11-26 20:43 000000:
2013-11-26 20:44 000000:
2013-11-26 20:45 000000:
2013-11-26 20:46 000000:
2013-11-26 20:47 000000:
2013-11-26 20:48 000000:
2013-11-26 20:49 000000:
2013-11-26 20:50 000000:
2013-11-26 20:51 000000:
2013-11-26 20:52 000000:
2013-11-26 20:53 000000:
2013-11-26 20:54 000000:
2013-11-26 20:55 000000:
2013-11-26 20:56 000000:
2013-11-26 20:57 000000:
2013-11-26 20:58 000000:
2013-11-26 20:59 000000:
2013-11-26 21:00 000000:
2013-11-26 21:01 000000:
2013-11-26 21:02 000000:
2013-11-26 21:03 000000:
2013-11-26 21:04 000000:
