2013-09-10 11:40 45108001: 36 57 185 48 48 57 56 56 51 50 48 158 50 48 54 55 54 133 51 57 57 51 54 142 55 55 52 162 33
2013-09-10 11:41 45108001: 36 57 185 48 48 57 56 56 51 50 48 158 50 48 54 56 49 129 51 54 48 51 52 128 55 55 52 162 33
2013-09-10 11:42 45108001: 36 57 185 48 48 57 56 56 51 50 48 158 50 48 54 56 49 129 51 54 48 51 52 128 55 55 51 161 33
2013-09-10 11:43 45108001: 36 57 185 48 48 57 56 56 51 50 48 158 50 48 54 55 54 133 51 57 57 51 54 142 55 55 53 163 33
2013-09-10 11:44 45108001: 36 57 185 48 48 57 56 56 51 50 48 158 50 48 54 56 49 129 51 54 48 51 52 128 55 55 51 161 33
2013-09-10 11:45 45108001: 36 57 185 48 48 57 56 56 51 50 48 158 50 48 54 55 54 133 51 57 57 51 54 142 55 55 52 162 33
2013-09-10 11:46 45108001: 36 57 185 48 48 57 56 56 51 50 48 158 50 48 54 55 54 133 51 57 57 51 54 142 55 55 51 161 33
2013-09-10 11:47 45108001: 36 57 185 48 48 57 56 56 51 50 48 158 50 48 54 56 49 129 51 54 48 51 52 128 55 55 52 162 33
2013-09-10 11:48 45108001: 36 57 185 48 48 57 56 56 51 50 48 158 50 48 54 56 49 129 51 54 48 51 52 128 55 55 52 162 33
2013-09-10 11:49 45108001: 36 57 185 48 48 57 56 56 51 50 48 158 50 48 54 56 49 129 51 54 48 51 52 128 55 55 51 161 33
2013-09-10 11:50 45108001: 36 57 185 48 48 57 56 56 51 50 48 158 50 48 54 56 49 129 51 54 48 51 52 128 55 55 51 161 33
2013-09-10 11:51 45108001: 36 57 185 48 48 57 56 56 51 50 48 158 50 48 54 56 49 129 51 54 48 51 52 128 55 55 51 161 33
2013-09-10 11:52 45108001: 36 57 185 48 48 57 56 56 51 50 48 158 50 48 54 56 49 129 51 54 48 51 52 128 55 55 50 160 33
2013-09-10 11:53 45108001: 36 57 185 48 48 57 56 56 51 50 48 158 50 48 54 55 54 133 51 57 57 51 54 142 55 55 53 163 33
2013-09-10 15:00 45111024: 36 57 185 48 48 57 56 56 51 50 48 158 49 57 57 52 57 144 52 49 56 49 56 134 55 55 52 162 33
2013-09-10 15:01 45111024: 36 57 185 48 48 57 56 56 51 50 48 158 49 57 57 54 51 140 52 48 49 49 50 248 55 55 52 162 33
2013-09-10 15:02 45111024: 36 57 185 48 48 57 56 56 51 50 48 158 49 57 57 54 51 140 52 48 49 49 50 248 55 55 52 162 33
2013-09-10 15:03 45111024: 36 57 185 48 48 57 56 56 51 50 48 158 49 57 56 50 48 132 52 49 48 55 52 128 55 55 53 163 33
2013-09-10 15:04 45111024: 36 57 185 48 48 57 56 56 51 50 48 158 49 57 56 50 51 135 52 49 56 48 54 131 55 55 53 163 33
2013-09-10 15:05 45111024: 36 57 185 48 48 57 56 56 51 50 48 158 49 57 56 50 51 135 52 49 56 48 54 131 55 55 53 163 33
2013-09-10 15:06 45111024: 36 57 185 48 48 57 56 56 51 50 48 158 49 57 56 50 54 138 52 50 53 51 56 134 55 55 53 163 33
2013-09-10 15:07 45111024: 36 57 185 48 48 57 56 56 51 50 48 158 49 57 56 50 48 132 52 49 48 55 52 128 55 55 54 164 33
2013-09-10 15:08 45111024: 36 57 185 48 48 57 56 56 51 50 48 158 49 57 56 51 55 140 52 48 49 48 48 245 55 55 54 164 33
2013-09-10 15:15 001202:
2013-09-10 15:16 001202:
2013-09-10 15:17 001202:
2013-09-10 15:18 001202:
2013-09-10 15:19 001202:
2013-09-10 15:20 001202:
2013-09-10 15:21 001202:
2013-09-12 11:26 45201038: 36 57 185 48 48 57 56 56 51 50 49 159 50 56 54 51 57 140 51 54 50 52 54 133 55 53 56 164 33
2013-09-12 11:27 45201038: 36 57 185 48 48 57 56 56 51 50 49 159 51 52 52 55 56 138 51 55 48 52 54 132 55 54 50 159 33
2013-09-12 11:28 45201038: 36 57 185 48 48 57 56 56 51 50 49 159 50 57 49 53 54 135 52 52 53 56 56 141 55 55 51 161 33
2013-09-12 11:29 45201038: 36 57 185 48 48 57 56 56 51 50 49 159 51 51 48 50 49 249 52 48 48 55 56 131 55 55 57 167 33
2013-09-12 11:30 45201038: 36 57 185 48 48 57 56 56 51 50 49 159 51 51 48 49 50 249 51 55 56 56 50 140 55 55 57 167 33
2013-09-12 11:31 45201038: 36 57 185 48 48 57 56 56 51 50 49 159 45 50 48 51 51 48 165 52 50 52 53 56 135 55 56 48 159 33
2013-09-12 11:32 45201038: 36 57 185 48 48 57 56 56 51 50 49 159 45 49 55 49 57 56 183 51 56 51 54 54 138 55 57 52 164 33
2013-09-12 11:33 45201038: 36 57 185 48 48 57 56 56 51 50 49 159 49 52 53 52 48 254 52 51 49 57 54 135 56 48 50 154 33
2013-09-12 11:34 45201038: 36 57 185 48 48 57 56 56 51 50 49 159 51 57 54 57 50 141 45 50 48 50 48 52 165 56 48 57 161 33
2013-09-12 11:35 45201038: 36 57 185 48 48 57 56 56 51 50 49 159 51 54 55 56 51 139 51 54 48 52 54 131 56 49 56 161 33
2013-09-12 11:36 45201038: 36 57 185 48 48 57 56 56 51 50 49 159 49 53 55 48 50 255 51 57 56 57 50 143 56 50 51 157 33
2013-09-12 11:41 45201049: 36 57 185 48 48 57 56 56 51 50 49 159 49 53 54 48 56 132 52 50 53 54 54 135 55 57 56 168 33
2013-09-12 11:42 45201049: 36 57 185 48 48 57 56 56 51 50 49 159 49 53 53 57 57 141 52 48 51 55 48 254 55 57 53 165 33
2013-09-12 11:43 45201049: 36 57 185 48 48 57 56 56 51 50 49 159 51 48 52 50 52 253 52 49 53 51 56 133 55 57 50 162 33
2013-09-12 11:44 45201049: 36 57 185 48 48 57 56 56 51 50 49 159 54 52 52 50 208 52 52 51 55 54 136 56 48 49 153 33
2013-09-12 11:45 45201049: 36 57 185 48 48 57 56 56 51 50 49 159 51 53 57 48 55 136 51 55 52 50 54 134 56 48 56 160 33
2013-09-12 11:46 45201049: 36 57 185 48 48 57 56 56 51 50 49 159 42 170 42 170 56 49 54 159 33
2013-09-12 11:47 45201049: 36 57 185 48 48 57 56 56 51 50 49 159 51 49 54 51 56 133 52 48 54 55 56 137 56 50 49 155 33
2013-09-12 11:48 45201049: 36 57 185 48 48 57 56 56 51 50 49 159 50 49 54 52 55 132 52 48 57 52 54 135 56 50 50 156 33
2013-09-12 11:49 45201049: 36 57 185 48 48 57 56 56 51 50 49 159 50 49 50 48 56 253 51 54 50 55 48 130 56 50 51 157 33
2013-09-12 11:50 45201049: 36 57 185 48 48 57 56 56 51 50 49 159 50 49 50 52 56 129 51 53 55 56 54 141 56 50 50 156 33
2013-09-12 11:51 45201049: 36 57 185 48 48 57 56 56 51 50 49 159 50 52 48 52 48 250 51 53 56 48 56 136 56 50 56 162 33
2013-09-12 11:52 45201049: 36 57 185 48 48 57 56 56 51 50 49 159 50 52 48 51 55 128 51 53 48 55 54 133 56 51 49 156 33
2013-09-12 11:53 45201049: 36 57 185 48 48 57 56 56 51 50 49 159 50 57 55 53 48 135 51 53 56 54 52 138 56 51 49 156 33
2013-09-13 08:14 48309000: 36 55 53 236 52 56 51 48 57 48 48 48 152 50 52 52 57 48 131 50 52 52 53 48 255 48 176 33
2013-09-13 08:14 48309001: 36 55 53 236 52 56 51 48 57 48 48 49 153 50 52 49 56 56 135 50 52 53 49 56 132 48 176 33
2013-09-13 08:14 48309002: 36 55 53 236 52 56 51 48 57 48 48 50 154 50 52 50 54 50 128 50 52 53 53 48 128 48 176 33
2013-09-13 08:14 48309003: 36 55 53 236 52 56 51 48 57 48 48 51 155 50 52 54 54 56 138 50 53 48 51 53 255 48 176 33
2013-09-13 08:14 48309004: 36 55 53 236 52 56 51 48 57 48 48 52 156 50 52 56 51 54 135 50 52 54 56 48 132 48 176 33
2013-09-13 08:14 48309005: 36 55 53 236 52 56 51 48 57 48 48 53 157 50 52 49 57 50 130 50 52 49 48 54 253 48 176 33
2013-09-13 08:17 48309000: 36 55 53 236 52 56 51 48 57 48 48 48 152 50 52 53 49 48 252 50 52 52 55 52 133 48 176 33
2013-09-13 08:17 48309001: 36 55 53 236 52 56 51 48 57 48 48 49 153 50 52 49 57 49 129 50 52 53 49 54 130 48 176 33
2013-09-13 08:17 48309002: 36 55 53 236 52 56 51 48 57 48 48 50 154 50 52 50 54 50 128 50 52 53 53 50 130 48 176 33
2013-09-13 08:17 48309003: 36 55 53 236 52 56 51 48 57 48 48 51 155 50 52 54 50 56 134 50 52 57 56 50 137 48 176 33
2013-09-13 08:17 48309004: 36 55 53 236 52 56 51 48 57 48 48 52 156 50 52 56 52 48 130 50 52 54 56 52 136 48 176 33
2013-09-13 08:17 48309005: 36 55 53 236 52 56 51 48 57 48 48 53 157 50 52 49 57 55 135 50 52 49 50 48 249 48 176 33
2013-09-13 08:20 48309000: 36 55 53 236 52 56 51 48 57 48 48 48 152 50 52 52 57 52 135 50 52 52 54 48 128 48 176 33
2013-09-13 08:20 48309001: 36 55 53 236 52 56 51 48 57 48 48 49 153 50 52 50 48 53 253 50 52 52 52 53 131 48 176 33
2013-09-13 08:20 48309002: 36 55 53 236 52 56 51 48 57 48 48 50 154 50 52 50 55 57 136 50 52 53 53 53 133 48 176 33
2013-09-13 08:20 48309003: 36 55 53 236 52 56 51 48 57 48 48 51 155 50 52 54 54 49 131 50 53 48 50 49 250 48 176 33
2013-09-13 08:20 48309004: 36 55 53 236 52 56 51 48 57 48 48 52 156 50 52 56 51 57 138 50 52 54 56 52 136 48 176 33
2013-09-13 08:20 48309005: 36 55 53 236 52 56 51 48 57 48 48 53 157 50 52 50 50 48 250 50 52 48 55 50 255 48 176 33
2013-09-13 08:23 48309000: 36 55 53 236 52 56 51 48 57 48 48 48 152 50 52 52 57 50 133 50 52 52 53 52 131 48 176 33
2013-09-13 08:23 48309001: 36 55 53 236 52 56 51 48 57 48 48 49 153 50 52 50 48 54 254 50 52 52 52 54 132 48 176 33
2013-09-13 08:23 48309002: 36 55 53 236 52 56 51 48 57 48 48 50 154 50 52 50 55 52 131 50 52 53 52 57 136 48 176 33
2013-09-13 08:23 48309003: 36 55 53 236 52 56 51 48 57 48 48 51 155 50 52 54 53 57 138 50 53 48 50 55 128 48 176 33
2013-09-13 08:23 48309004: 36 55 53 236 52 56 51 48 57 48 48 52 156 50 52 56 51 57 138 50 52 54 56 57 141 48 176 33
2013-09-13 08:23 48309005: 36 55 53 236 52 56 51 48 57 48 48 53 157 50 52 50 50 50 252 50 52 48 55 55 132 48 176 33
2013-09-13 08:28 48309000: 36 55 53 236 52 56 51 48 57 48 48 48 152 50 52 52 56 56 138 50 52 52 53 50 129 48 176 33
2013-09-13 08:28 48309001: 36 55 53 236 52 56 51 48 57 48 48 49 153 50 52 49 57 52 132 50 52 52 50 56 132 48 176 33
2013-09-13 08:28 48309002: 36 55 53 236 52 56 51 48 57 48 48 50 154 50 52 50 56 48 128 50 52 53 53 49 129 48 176 33
2013-09-13 08:28 48309003: 36 55 53 236 52 56 51 48 57 48 48 51 155 50 52 54 55 48 131 50 53 48 52 57 132 48 176 33
2013-09-13 08:28 48309004: 36 55 53 236 52 56 51 48 57 48 48 52 156 50 52 56 49 48 255 50 52 54 52 57 137 48 176 33
2013-09-13 08:28 48309005: 36 55 53 236 52 56 51 48 57 48 48 53 157 50 52 50 50 57 131 50 51 57 56 57 143 48 176 33
2013-09-13 08:31 48309000: 36 55 53 236 52 56 51 48 57 48 48 48 152 50 52 52 56 57 139 50 52 52 52 55 133 48 176 33
2013-09-13 08:31 48309001: 36 55 53 236 52 56 51 48 57 48 48 49 153 50 52 50 50 54 128 50 52 52 53 52 131 48 176 33
2013-09-13 08:31 48309002: 36 55 53 236 52 56 51 48 57 48 48 50 154 50 52 50 56 50 130 50 52 53 53 48 128 48 176 33
2013-09-13 08:31 48309003: 36 55 53 236 52 56 51 48 57 48 48 51 155 50 52 54 54 56 138 50 53 48 52 54 129 48 176 33
2013-09-13 08:31 48309004: 36 55 53 236 52 56 51 48 57 48 48 52 156 50 52 56 51 56 137 50 52 54 56 52 136 48 176 33
2013-09-13 08:31 48309005: 36 55 53 236 52 56 51 48 57 48 48 53 157 50 52 50 53 53 130 50 52 48 49 52 251 48 176 33
2013-09-13 08:34 48309000: 36 55 53 236 52 56 51 48 57 48 48 48 152 50 52 52 56 55 137 50 52 52 52 54 132 48 176 33
2013-09-13 08:34 48309001: 36 55 53 236 52 56 51 48 57 48 48 49 153 50 52 50 49 54 255 50 52 52 52 57 135 48 176 33
2013-09-13 08:34 48309002: 36 55 53 236 52 56 51 48 57 48 48 50 154 50 52 50 56 48 128 50 52 53 52 57 136 48 176 33
2013-09-13 08:34 48309003: 36 55 53 236 52 56 51 48 57 48 48 51 155 50 52 54 54 57 139 50 53 48 52 56 131 48 176 33
2013-09-13 08:34 48309004: 36 55 53 236 52 56 51 48 57 48 48 52 156 50 52 56 50 57 137 50 52 54 55 54 137 48 176 33
2013-09-13 08:34 48309005: 36 55 53 236 52 56 51 48 57 48 48 53 157 50 52 50 53 51 128 50 52 48 49 52 251 48 176 33
2013-09-13 08:37 48309000: 36 55 53 236 52 56 51 48 57 48 48 48 152 50 52 52 56 48 130 50 52 52 53 54 133 48 176 33
2013-09-13 08:37 48309001: 36 55 53 236 52 56 51 48 57 48 48 49 153 50 52 50 49 49 250 50 52 52 52 52 130 48 176 33
2013-09-13 08:37 48309002: 36 55 53 236 52 56 51 48 57 48 48 50 154 50 52 50 56 54 134 50 52 53 52 52 131 48 176 33
2013-09-13 08:37 48309003: 36 55 53 236 52 56 51 48 57 48 48 51 155 50 52 54 55 51 134 50 53 48 52 57 132 48 176 33
2013-09-13 08:37 48309004: 36 55 53 236 52 56 51 48 57 48 48 52 156 50 52 56 50 55 135 50 52 54 55 57 140 48 176 33
2013-09-13 08:37 48309005: 36 55 53 236 52 56 51 48 57 48 48 53 157 50 52 50 53 57 134 50 52 48 49 49 248 48 176 33
2013-09-13 08:40 48309000: 36 55 53 236 52 56 51 48 57 48 48 48 152 50 52 52 56 53 135 50 52 52 52 51 129 48 176 33
2013-09-13 08:40 48309001: 36 55 53 236 52 56 51 48 57 48 48 49 153 50 52 50 49 52 253 50 52 52 52 52 130 48 176 33
2013-09-13 08:40 48309002: 36 55 53 236 52 56 51 48 57 48 48 50 154 50 52 50 56 52 132 50 52 53 53 48 128 48 176 33
2013-09-13 08:40 48309003: 36 55 53 236 52 56 51 48 57 48 48 51 155 50 52 54 54 57 139 50 53 48 51 54 128 48 176 33
2013-09-13 08:40 48309004: 36 55 53 236 52 56 51 48 57 48 48 52 156 50 52 56 50 53 133 50 52 54 55 52 135 48 176 33
2013-09-13 08:40 48309005: 36 55 53 236 52 56 51 48 57 48 48 53 157 50 52 50 53 55 132 50 52 48 49 51 250 48 176 33
2013-09-13 08:43 48309000: 36 55 53 236 52 56 51 48 57 48 48 48 152 50 52 52 55 55 136 50 52 52 51 54 131 48 176 33
2013-09-13 08:43 48309001: 36 55 53 236 52 56 51 48 57 48 48 49 153 50 52 50 49 55 128 50 52 52 53 49 128 48 176 33
2013-09-13 08:43 48309002: 36 55 53 236 52 56 51 48 57 48 48 50 154 50 52 50 56 57 137 50 52 53 53 48 128 48 176 33
2013-09-13 08:43 48309003: 36 55 53 236 52 56 51 48 57 48 48 51 155 50 52 54 54 56 138 50 53 48 52 48 251 48 176 33
2013-09-13 08:43 48309004: 36 55 53 236 52 56 51 48 57 48 48 52 156 50 52 56 50 54 134 50 52 54 55 52 135 48 176 33
2013-09-13 08:43 48309005: 36 55 53 236 52 56 51 48 57 48 48 53 157 50 52 50 53 57 134 50 52 48 49 53 252 48 176 33
