2016-08-19 12:03 45311017: 36 52 48 228 48 48 51 49 53 57 56 49 155 45 52 57 57 211 45 53 51 56 205 56 48 55 159 33
2016-08-19 12:05 45311017: 36 52 48 228 48 48 51 49 53 57 56 49 155 45 53 48 55 201 45 53 52 55 205 56 48 55 159 33
2016-08-19 12:07 45311017: 36 52 48 228 48 48 51 49 53 57 56 49 155 45 52 56 56 209 45 53 50 55 203 56 48 55 159 33
2016-08-19 12:09 45311017: 36 52 48 228 48 48 51 49 53 57 56 49 155 45 53 48 57 203 45 53 52 57 207 56 48 54 158 33
2016-08-19 12:11 45311017: 36 52 48 228 48 48 51 49 53 57 56 49 155 45 52 57 54 208 45 53 51 53 202 56 48 54 158 33
2016-08-19 12:13 45311017: 36 52 48 228 48 48 51 49 53 57 56 49 155 45 52 56 56 209 45 53 50 55 203 56 48 54 158 33
2016-08-19 12:15 45311017: 36 52 48 228 48 48 51 49 53 57 56 49 155 45 52 56 56 209 45 53 50 55 203 56 48 54 158 33
2016-08-19 12:17 45311017: 36 52 48 228 48 48 51 49 53 57 56 49 155 45 53 48 55 201 45 53 52 55 205 56 48 54 158 33
2016-08-19 12:19 45311017: 36 52 48 228 48 48 51 49 53 57 56 49 155 45 52 57 49 203 45 53 51 48 197 56 48 53 157 33
2016-08-19 12:21 45311017: 36 52 48 228 48 48 51 49 53 57 56 49 155 45 52 57 57 211 45 53 51 56 205 56 48 54 158 33
2016-08-19 12:23 45311017: 36 52 48 228 48 48 51 49 53 57 56 49 155 45 52 55 53 205 45 53 49 51 198 56 48 53 157 33
