2016-09-28 11:10 51160006: 36 55 53 236 53 49 49 54 48 48 48 54 147 50 53 48 56 52 131 50 52 56 57 51 138 48 176 33
2016-09-28 11:10 51160007: 36 55 53 236 53 49 49 54 48 48 48 55 148 49 56 55 48 55 135 50 53 48 57 54 134 48 176 33
2016-09-28 11:10 51160008: 36 55 53 236 53 49 49 54 48 48 48 56 149 49 55 49 53 53 131 50 53 49 49 50 251 48 176 33
2016-09-28 11:10 51160009: 36 55 53 236 53 49 49 54 48 48 48 57 150 50 53 49 51 53 128 50 52 57 48 55 134 48 176 33
2016-09-28 11:10 51160010: 36 55 53 236 53 49 49 54 48 48 49 48 142 50 53 49 53 51 128 50 52 56 52 53 135 48 176 33
2016-09-28 11:10 51160011: 36 55 53 236 53 49 49 54 48 48 49 49 143 49 55 50 55 50 131 50 53 48 51 49 251 48 176 33
2016-09-28 11:10 51160012: 36 55 53 236 53 49 49 54 48 48 49 50 144 49 55 49 53 48 254 50 53 48 56 52 131 48 176 33
2016-09-28 11:10 51160013: 36 55 53 236 53 49 49 54 48 48 49 51 145 50 53 49 52 54 130 50 52 55 49 56 134 48 176 33
2016-09-28 11:10 51160014: 36 55 53 236 53 49 49 54 48 48 49 52 146 49 55 50 55 53 134 50 53 49 53 48 253 48 176 33
2016-09-28 11:10 51160015: 36 55 53 236 53 49 49 54 48 48 49 53 147 50 53 48 48 57 128 50 52 55 57 50 136 48 176 33
2016-09-29 11:15 51160006: 36 55 53 236 53 49 49 54 48 48 48 54 147 50 53 48 57 49 129 50 52 56 57 50 137 48 176 33
2016-09-29 11:15 51160007: 36 55 53 236 53 49 49 54 48 48 48 55 148 49 57 55 53 56 142 50 53 48 57 54 134 48 176 33
2016-09-29 11:15 51160008: 36 55 53 236 53 49 49 54 48 48 48 56 149 49 57 56 55 57 146 50 53 49 49 49 250 48 176 33
2016-09-29 11:15 51160009: 36 55 53 236 53 49 49 54 48 48 48 57 150 50 53 49 52 53 129 50 52 57 48 50 129 48 176 33
2016-09-29 11:15 51160010: 36 55 53 236 53 49 49 54 48 48 49 48 142 50 53 49 52 49 253 50 52 56 51 48 129 48 176 33
2016-09-29 11:15 51160011: 36 55 53 236 53 49 49 54 48 48 49 49 143 50 48 48 53 52 251 50 53 48 49 51 251 48 176 33
2016-09-29 11:15 51160012: 36 55 53 236 53 49 49 54 48 48 49 50 144 49 57 57 50 57 142 50 53 48 57 52 132 48 176 33
2016-09-29 11:15 51160013: 36 55 53 236 53 49 49 54 48 48 49 51 145 50 53 49 52 55 131 50 52 55 50 48 255 48 176 33
2016-09-29 11:15 51160014: 36 55 53 236 53 49 49 54 48 48 49 52 146 50 48 48 51 48 245 50 53 49 53 52 129 48 176 33
2016-09-29 11:15 51160015: 36 55 53 236 53 49 49 54 48 48 49 53 147 50 53 48 49 53 253 50 52 55 57 55 141 48 176 33
2016-09-29 11:19 51160006: 36 55 53 236 53 49 49 54 48 48 48 54 147 50 53 48 56 54 133 50 52 57 48 54 133 48 176 33
2016-09-29 11:19 51160007: 36 55 53 236 53 49 49 54 48 48 48 55 148 50 52 56 54 56 140 50 53 48 56 56 135 48 176 33
2016-09-29 11:19 51160008: 36 55 53 236 53 49 49 54 48 48 48 56 149 50 48 56 56 52 134 50 53 49 49 54 255 48 176 33
2016-09-29 11:19 51160009: 36 55 53 236 53 49 49 54 48 48 48 57 150 50 53 49 52 52 128 50 52 56 57 55 142 48 176 33
2016-09-29 11:19 51160010: 36 55 53 236 53 49 49 54 48 48 49 48 142 50 53 49 52 55 131 50 52 56 52 53 135 48 176 33
2016-09-29 11:19 51160011: 36 55 53 236 53 49 49 54 48 48 49 49 143 50 49 48 50 57 254 50 53 48 50 53 254 48 176 33
2016-09-29 11:19 51160012: 36 55 53 236 53 49 49 54 48 48 49 50 144 50 48 57 49 48 252 50 53 48 56 49 128 48 176 33
2016-09-29 11:19 51160013: 36 55 53 236 53 49 49 54 48 48 49 51 145 50 53 49 51 55 130 50 52 55 50 48 255 48 176 33
2016-09-29 11:19 51160014: 36 55 53 236 53 49 49 54 48 48 49 52 146 50 48 57 57 57 141 50 53 49 54 53 131 48 176 33
2016-09-29 11:19 51160015: 36 55 53 236 53 49 49 54 48 48 49 53 147 50 53 48 49 49 249 50 52 55 57 54 140 48 176 33
2016-09-29 11:20 51160006: 36 55 53 236 53 49 49 54 48 48 48 54 147 50 53 48 54 56 133 50 52 56 56 54 140 48 176 33
2016-09-29 11:20 51160007: 36 55 53 236 53 49 49 54 48 48 48 55 148 50 52 56 51 49 130 50 53 48 56 56 135 48 176 33
2016-09-29 11:20 51160008: 36 55 53 236 53 49 49 54 48 48 48 56 149 50 52 52 51 48 253 50 53 49 51 51 254 48 176 33
2016-09-29 11:20 51160009: 36 55 53 236 53 49 49 54 48 48 48 57 150 50 53 49 51 54 129 50 52 56 57 53 140 48 176 33
2016-09-29 11:20 51160010: 36 55 53 236 53 49 49 54 48 48 49 48 142 50 53 49 52 49 253 50 52 56 51 50 131 48 176 33
2016-09-29 11:20 51160011: 36 55 53 236 53 49 49 54 48 48 49 49 143 50 49 56 52 56 135 50 53 48 49 51 251 48 176 33
2016-09-29 11:20 51160012: 36 55 53 236 53 49 49 54 48 48 49 50 144 50 49 55 52 49 255 50 53 48 55 53 131 48 176 33
2016-09-29 11:20 51160013: 36 55 53 236 53 49 49 54 48 48 49 51 145 50 53 49 53 48 253 50 52 55 49 57 135 48 176 33
2016-09-29 11:20 51160014: 36 55 53 236 53 49 49 54 48 48 49 52 146 50 49 56 50 48 253 50 53 49 52 55 131 48 176 33
2016-09-29 11:20 51160015: 36 55 53 236 53 49 49 54 48 48 49 53 147 50 53 48 49 56 128 50 52 55 57 50 136 48 176 33
2016-09-29 11:21 51160006: 36 55 53 236 53 49 49 54 48 48 48 54 147 50 53 48 56 54 133 50 52 56 56 55 141 48 176 33
2016-09-29 11:21 51160007: 36 55 53 236 53 49 49 54 48 48 48 55 148 50 52 56 48 49 255 50 53 48 57 54 134 48 176 33
2016-09-29 11:21 51160008: 36 55 53 236 53 49 49 54 48 48 48 56 149 50 52 52 54 52 132 50 53 49 48 50 250 48 176 33
2016-09-29 11:21 51160009: 36 55 53 236 53 49 49 54 48 48 48 57 150 50 53 49 52 53 129 50 52 57 48 51 130 48 176 33
2016-09-29 11:21 51160010: 36 55 53 236 53 49 49 54 48 48 49 48 142 50 53 49 52 52 128 50 52 56 52 55 137 48 176 33
2016-09-29 11:21 51160011: 36 55 53 236 53 49 49 54 48 48 49 49 143 50 52 53 53 57 137 50 53 48 49 51 251 48 176 33
2016-09-29 11:21 51160012: 36 55 53 236 53 49 49 54 48 48 49 50 144 50 50 51 56 51 130 50 53 48 56 50 129 48 176 33
2016-09-29 11:21 51160013: 36 55 53 236 53 49 49 54 48 48 49 51 145 50 53 49 52 56 132 50 52 55 49 54 132 48 176 33
2016-09-29 11:21 51160014: 36 55 53 236 53 49 49 54 48 48 49 52 146 50 50 52 53 55 132 50 53 49 53 51 128 48 176 33
2016-09-29 11:21 51160015: 36 55 53 236 53 49 49 54 48 48 49 53 147 50 53 48 48 54 253 50 52 56 48 55 133 48 176 33
