2016-10-07 14:28 51160006: 36 55 53 236 53 49 49 54 48 48 48 54 147 49 49 51 51 53 253 51 56 49 54 48 130 48 176 33
2016-10-07 14:28 51160009: 36 55 53 236 53 49 49 54 48 48 48 57 150 49 52 50 49 49 249 50 51 50 56 55 134 48 176 33
2016-10-07 14:28 51160010: 36 55 53 236 53 49 49 54 48 48 49 48 142 49 52 52 52 53 130 51 54 57 55 53 142 48 176 33
2016-10-07 14:28 51160011: 36 55 53 236 53 49 49 54 48 48 49 49 143 49 52 52 48 50 251 51 55 52 48 51 129 48 176 33
2016-10-07 14:28 51160013: 36 55 53 236 53 49 49 54 48 48 49 51 145 49 52 57 48 53 131 51 55 56 54 54 142 48 176 33
2016-10-07 14:28 51160015: 36 55 53 236 53 49 49 54 48 48 49 53 147 49 56 51 50 54 132 51 56 50 51 56 136 48 176 33
2016-10-07 14:29 51160006: 36 55 53 236 53 49 49 54 48 48 48 54 147 49 52 48 54 57 132 51 56 49 53 55 136 48 176 33
2016-10-07 14:29 51160009: 36 55 53 236 53 49 49 54 48 48 48 57 150 49 54 51 57 53 136 50 51 50 55 51 129 48 176 33
2016-10-07 14:29 51160010: 36 55 53 236 53 49 49 54 48 48 49 48 142 49 54 53 57 56 141 51 54 57 53 50 137 48 176 33
2016-10-07 14:29 51160011: 36 55 53 236 53 49 49 54 48 48 49 49 143 49 54 54 48 55 132 51 55 52 49 48 255 48 176 33
2016-10-07 14:29 51160013: 36 55 53 236 53 49 49 54 48 48 49 51 145 49 55 48 56 51 131 51 55 56 54 56 144 48 176 33
2016-10-07 14:29 51160015: 36 55 53 236 53 49 49 54 48 48 49 53 147 49 57 55 51 54 138 51 56 50 51 49 129 48 176 33
2016-10-07 14:30 51160006: 36 55 53 236 53 49 49 54 48 48 48 54 147 49 54 50 54 48 255 51 56 49 52 55 135 48 176 33
2016-10-07 14:30 51160009: 36 55 53 236 53 49 49 54 48 48 48 57 150 49 56 49 53 50 129 50 51 50 56 56 135 48 176 33
2016-10-07 14:30 51160010: 36 55 53 236 53 49 49 54 48 48 49 48 142 49 56 51 52 52 132 51 54 57 54 55 143 48 176 33
2016-10-07 14:30 51160011: 36 55 53 236 53 49 49 54 48 48 49 49 143 49 56 51 53 55 136 51 55 51 57 57 143 48 176 33
2016-10-07 14:30 51160013: 36 55 53 236 53 49 49 54 48 48 49 51 145 49 56 55 57 48 137 51 55 56 54 50 138 48 176 33
2016-10-07 14:30 51160015: 36 55 53 236 53 49 49 54 48 48 49 53 147 50 48 56 51 48 253 51 56 50 51 52 132 48 176 33
2016-10-07 14:31 51160006: 36 55 53 236 53 49 49 54 48 48 48 54 147 49 56 48 50 53 128 51 56 49 52 57 137 48 176 33
2016-10-07 14:31 51160009: 36 55 53 236 53 49 49 54 48 48 48 57 150 49 57 53 51 50 132 50 51 50 57 50 130 48 176 33
2016-10-07 14:31 51160010: 36 55 53 236 53 49 49 54 48 48 49 48 142 49 57 55 49 50 132 51 54 57 52 57 143 48 176 33
2016-10-07 14:31 51160011: 36 55 53 236 53 49 49 54 48 48 49 49 143 49 57 55 51 55 139 51 55 51 56 50 135 48 176 33
2016-10-07 14:31 51160013: 36 55 53 236 53 49 49 54 48 48 49 51 145 50 48 49 51 53 251 51 55 56 53 53 140 48 176 33
2016-10-07 14:31 51160015: 36 55 53 236 53 49 49 54 48 48 49 53 147 50 49 54 57 54 136 51 56 50 50 55 134 48 176 33
2016-10-07 14:32 51160006: 36 55 53 236 53 49 49 54 48 48 48 54 147 49 57 52 51 51 132 51 56 49 51 54 133 48 176 33
2016-10-07 14:32 51160009: 36 55 53 236 53 49 49 54 48 48 48 57 150 50 48 54 53 48 253 50 51 50 55 52 130 48 176 33
2016-10-07 14:32 51160010: 36 55 53 236 53 49 49 54 48 48 49 48 142 50 48 56 50 49 253 51 54 57 52 57 143 48 176 33
2016-10-07 14:32 51160011: 36 55 53 236 53 49 49 54 48 48 49 49 143 50 48 56 52 50 128 51 55 51 55 51 135 48 176 33
2016-10-07 14:32 51160013: 36 55 53 236 53 49 49 54 48 48 49 51 145 50 49 50 48 49 246 51 55 56 51 54 139 48 176 33
2016-10-07 14:32 51160015: 36 55 53 236 53 49 49 54 48 48 49 53 147 50 50 57 51 57 137 51 56 50 48 50 255 48 176 33
2016-10-07 14:33 51160006: 36 55 53 236 53 49 49 54 48 48 48 54 147 50 48 53 54 50 255 51 56 49 50 51 129 48 176 33
2016-10-07 14:33 51160009: 36 55 53 236 53 49 49 54 48 48 48 57 150 50 49 53 48 51 251 50 51 50 55 49 255 48 176 33
2016-10-07 14:33 51160010: 36 55 53 236 53 49 49 54 48 48 49 48 142 50 49 55 48 57 131 51 54 57 53 49 136 48 176 33
2016-10-07 14:33 51160011: 36 55 53 236 53 49 49 54 48 48 49 49 143 50 49 55 49 51 254 51 55 51 55 52 136 48 176 33
2016-10-07 14:33 51160013: 36 55 53 236 53 49 49 54 48 48 49 51 145 50 50 48 50 48 246 51 55 56 49 57 140 48 176 33
2016-10-07 14:33 51160015: 36 55 53 236 53 49 49 54 48 48 49 53 147 50 51 51 53 54 131 51 56 50 48 50 255 48 176 33
2016-10-07 14:34 51160006: 36 55 53 236 53 49 49 54 48 48 48 54 147 50 49 52 51 53 255 51 56 49 50 50 128 48 176 33
2016-10-07 14:34 51160009: 36 55 53 236 53 49 49 54 48 48 48 57 150 50 50 50 50 52 252 50 51 50 54 57 134 48 176 33
2016-10-07 14:34 51160010: 36 55 53 236 53 49 49 54 48 48 49 48 142 50 50 51 56 56 135 51 54 57 52 49 135 48 176 33
2016-10-07 14:34 51160011: 36 55 53 236 53 49 49 54 48 48 49 49 143 50 50 52 48 50 250 51 55 51 56 51 136 48 176 33
2016-10-07 14:34 51160013: 36 55 53 236 53 49 49 54 48 48 49 51 145 50 50 54 55 48 129 51 55 56 50 51 135 48 176 33
2016-10-07 14:34 51160015: 36 55 53 236 53 49 49 54 48 48 49 53 147 50 51 54 57 52 136 51 56 50 49 49 255 48 176 33
2016-10-07 14:35 51160006: 36 55 53 236 53 49 49 54 48 48 48 54 147 50 50 49 54 57 132 51 55 56 57 53 144 48 176 33
2016-10-07 14:35 51160009: 36 55 53 236 53 49 49 54 48 48 48 57 150 50 51 50 55 57 135 50 51 48 51 49 249 48 176 33
2016-10-07 14:35 51160010: 36 55 53 236 53 49 49 54 48 48 49 48 142 50 51 51 53 56 133 51 54 54 53 49 133 48 176 33
2016-10-07 14:35 51160011: 36 55 53 236 53 49 49 54 48 48 49 49 143 50 51 51 55 51 130 51 55 49 53 53 133 48 176 33
2016-10-07 14:35 51160013: 36 55 53 236 53 49 49 54 48 48 49 51 145 50 51 49 56 49 255 51 55 53 56 48 135 48 176 33
2016-10-07 14:35 51160015: 36 55 53 236 53 49 49 54 48 48 49 53 147 50 51 57 52 48 130 51 55 57 51 48 134 48 176 33
2016-10-07 14:36 51160006: 36 55 53 236 53 49 49 54 48 48 48 54 147 50 51 49 57 50 129 51 55 56 56 50 140 48 176 33
2016-10-07 14:36 51160009: 36 55 53 236 53 49 49 54 48 48 48 57 150 50 51 53 57 51 134 50 51 48 50 53 252 48 176 33
2016-10-07 14:36 51160010: 36 55 53 236 53 49 49 54 48 48 49 48 142 50 51 54 56 54 137 51 54 54 54 53 138 48 176 33
2016-10-07 14:36 51160011: 36 55 53 236 53 49 49 54 48 48 49 49 143 50 51 54 57 54 138 51 55 49 52 48 255 48 176 33
2016-10-07 14:36 51160013: 36 55 53 236 53 49 49 54 48 48 49 51 145 50 51 56 55 56 140 51 55 53 57 50 138 48 176 33
2016-10-07 14:36 51160015: 36 55 53 236 53 49 49 54 48 48 49 53 147 50 52 49 52 48 251 51 55 57 51 56 142 48 176 33
2016-10-07 14:37 51160006: 36 55 53 236 53 49 49 54 48 48 48 54 147 50 51 53 51 55 132 51 55 57 48 50 133 48 176 33
2016-10-07 14:37 51160009: 36 55 53 236 53 49 49 54 48 48 48 57 150 50 51 56 53 48 130 50 51 48 50 49 248 48 176 33
2016-10-07 14:37 51160010: 36 55 53 236 53 49 49 54 48 48 49 48 142 50 51 57 55 51 136 51 54 54 54 51 136 48 176 33
2016-10-07 14:37 51160011: 36 55 53 236 53 49 49 54 48 48 49 49 143 50 51 57 53 54 137 51 55 49 51 57 135 48 176 33
2016-10-07 14:37 51160013: 36 55 53 236 53 49 49 54 48 48 49 51 145 50 52 49 49 55 255 51 55 53 55 55 141 48 176 33
2016-10-07 14:37 51160015: 36 55 53 236 53 49 49 54 48 48 49 53 147 50 52 50 57 53 134 51 55 57 51 48 134 48 176 33
2016-10-07 14:38 51160006: 36 55 53 236 53 49 49 54 48 48 48 54 147 50 51 56 48 55 132 51 55 56 56 55 145 48 176 33
2016-10-07 14:38 51160009: 36 55 53 236 53 49 49 54 48 48 48 57 150 50 52 48 53 49 252 50 51 48 50 49 248 48 176 33
2016-10-07 14:38 51160010: 36 55 53 236 53 49 49 54 48 48 49 48 142 50 52 49 56 49 128 51 54 54 56 52 139 48 176 33
2016-10-07 14:38 51160011: 36 55 53 236 53 49 49 54 48 48 49 49 143 50 52 49 53 49 253 51 55 49 53 51 131 48 176 33
2016-10-07 14:38 51160013: 36 55 53 236 53 49 49 54 48 48 49 51 145 50 52 51 48 48 249 51 55 53 54 56 141 48 176 33
2016-10-07 14:38 51160015: 36 55 53 236 53 49 49 54 48 48 49 53 147 50 52 52 49 56 131 51 55 57 51 49 135 48 176 33
2016-10-07 14:39 51160006: 36 55 53 236 53 49 49 54 48 48 48 54 147 50 52 48 50 48 248 51 55 56 55 52 141 48 176 33
2016-10-07 14:39 51160009: 36 55 53 236 53 49 49 54 48 48 48 57 150 50 52 50 49 57 130 50 51 48 50 55 254 48 176 33
2016-10-07 14:39 51160010: 36 55 53 236 53 49 49 54 48 48 49 48 142 50 52 51 51 53 129 51 54 54 54 52 137 48 176 33
2016-10-07 14:39 51160011: 36 55 53 236 53 49 49 54 48 48 49 49 143 50 52 51 48 57 130 51 55 49 52 48 255 48 176 33
2016-10-07 14:39 51160013: 36 55 53 236 53 49 49 54 48 48 49 51 145 50 52 52 51 50 255 51 55 53 55 53 139 48 176 33
2016-10-07 14:39 51160015: 36 55 53 236 53 49 49 54 48 48 49 53 147 50 52 52 57 53 136 51 55 57 51 48 134 48 176 33
2016-10-07 14:40 51160006: 36 55 53 236 53 49 49 54 48 48 48 54 147 50 52 49 56 53 132 51 55 56 55 51 140 48 176 33
2016-10-07 14:40 51160009: 36 55 53 236 53 49 49 54 48 48 48 57 150 50 52 51 53 53 131 50 51 48 48 51 248 48 176 33
2016-10-07 14:40 51160010: 36 55 53 236 53 49 49 54 48 48 49 48 142 50 52 52 56 50 132 51 54 54 54 55 140 48 176 33
2016-10-07 14:40 51160011: 36 55 53 236 53 49 49 54 48 48 49 49 143 50 52 52 51 49 254 51 55 49 50 55 132 48 176 33
2016-10-07 14:40 51160013: 36 55 53 236 53 49 49 54 48 48 49 51 145 50 52 53 52 57 136 51 55 53 54 55 140 48 176 33
2016-10-07 14:40 51160015: 36 55 53 236 53 49 49 54 48 48 49 53 147 50 52 53 56 55 138 51 55 57 51 52 138 48 176 33
2016-10-07 14:41 51160006: 36 55 53 236 53 49 49 54 48 48 48 54 147 50 52 51 50 52 255 51 55 56 55 50 139 48 176 33
2016-10-07 14:41 51160009: 36 55 53 236 53 49 49 54 48 48 48 57 150 50 52 52 53 54 133 50 51 48 48 54 251 48 176 33
2016-10-07 14:41 51160010: 36 55 53 236 53 49 49 54 48 48 49 48 142 50 52 53 54 50 131 51 54 54 53 57 141 48 176 33
2016-10-07 14:41 51160011: 36 55 53 236 53 49 49 54 48 48 49 49 143 50 52 53 50 50 255 51 55 49 50 51 128 48 176 33
2016-10-07 14:41 51160013: 36 55 53 236 53 49 49 54 48 48 49 51 145 50 52 54 51 51 130 51 55 53 55 52 138 48 176 33
2016-10-07 14:41 51160015: 36 55 53 236 53 49 49 54 48 48 49 53 147 50 52 54 50 56 134 51 55 57 51 50 136 48 176 33
2016-10-07 14:42 51160006: 36 55 53 236 53 49 49 54 48 48 48 54 147 50 52 52 50 48 252 51 55 56 55 49 138 48 176 33
2016-10-07 14:42 51160009: 36 55 53 236 53 49 49 54 48 48 48 57 150 50 52 53 51 48 254 50 51 48 48 54 251 48 176 33
2016-10-07 14:42 51160010: 36 55 53 236 53 49 49 54 48 48 49 48 142 50 52 54 53 51 132 51 54 54 54 56 141 48 176 33
2016-10-07 14:42 51160011: 36 55 53 236 53 49 49 54 48 48 49 49 143 50 52 54 48 55 131 51 55 49 50 52 129 48 176 33
2016-10-07 14:42 51160013: 36 55 53 236 53 49 49 54 48 48 49 51 145 50 52 54 57 49 134 51 55 53 53 57 141 48 176 33
2016-10-07 14:42 51160015: 36 55 53 236 53 49 49 54 48 48 49 53 147 50 52 55 50 54 133 51 55 57 50 53 138 48 176 33
2016-10-07 14:43 51160006: 36 55 53 236 53 49 49 54 48 48 48 54 147 50 52 53 48 52 255 51 55 56 56 50 140 48 176 33
2016-10-07 14:43 51160009: 36 55 53 236 53 49 49 54 48 48 48 57 150 50 52 53 56 56 139 50 51 48 48 50 247 48 176 33
2016-10-07 14:43 51160010: 36 55 53 236 53 49 49 54 48 48 49 48 142 50 52 55 49 54 132 51 54 54 55 57 143 48 176 33
2016-10-07 14:43 51160011: 36 55 53 236 53 49 49 54 48 48 49 49 143 50 52 54 55 49 132 51 55 49 50 56 133 48 176 33
2016-10-07 14:43 51160013: 36 55 53 236 53 49 49 54 48 48 49 51 145 50 52 55 53 53 135 51 55 53 54 56 141 48 176 33
2016-10-07 14:43 51160015: 36 55 53 236 53 49 49 54 48 48 49 53 147 50 52 55 53 52 134 51 55 57 51 48 134 48 176 33
2016-10-07 14:44 51160006: 36 55 53 236 53 49 49 54 48 48 48 54 147 50 52 53 55 51 133 51 55 56 54 55 143 48 176 33
2016-10-07 14:44 51160009: 36 55 53 236 53 49 49 54 48 48 48 57 150 50 52 54 51 50 129 50 51 48 49 53 251 48 176 33
2016-10-07 14:44 51160010: 36 55 53 236 53 49 49 54 48 48 49 48 142 50 52 55 54 55 138 51 54 54 54 50 135 48 176 33
2016-10-07 14:44 51160011: 36 55 53 236 53 49 49 54 48 48 49 49 143 50 52 55 49 53 131 51 55 49 50 55 132 48 176 33
2016-10-07 14:44 51160013: 36 55 53 236 53 49 49 54 48 48 49 51 145 50 52 55 56 56 141 51 55 53 54 53 138 48 176 33
2016-10-07 14:44 51160015: 36 55 53 236 53 49 49 54 48 48 49 53 147 50 52 55 54 51 134 51 55 57 49 49 133 48 176 33
2016-10-07 14:45 51160006: 36 55 53 236 53 49 49 54 48 48 48 54 147 50 52 54 50 51 129 51 55 56 55 49 138 48 176 33
2016-10-07 14:45 51160009: 36 55 53 236 53 49 49 54 48 48 48 57 150 50 52 55 50 57 136 50 50 57 57 54 140 48 176 33
2016-10-07 14:45 51160010: 36 55 53 236 53 49 49 54 48 48 49 48 142 50 52 56 51 53 134 51 54 54 53 51 135 48 176 33
2016-10-07 14:45 51160011: 36 55 53 236 53 49 49 54 48 48 49 49 143 50 52 55 56 54 139 51 55 49 50 57 134 48 176 33
2016-10-07 14:45 51160013: 36 55 53 236 53 49 49 54 48 48 49 51 145 50 52 56 50 53 133 51 55 53 54 48 133 48 176 33
2016-10-07 14:45 51160015: 36 55 53 236 53 49 49 54 48 48 49 53 147 50 52 55 56 53 138 51 55 57 50 49 134 48 176 33
2016-10-07 14:46 51160006: 36 55 53 236 53 49 49 54 48 48 48 54 147 50 52 55 50 51 130 51 55 56 53 56 143 48 176 33
2016-10-07 14:46 51160009: 36 55 53 236 53 49 49 54 48 48 48 57 150 50 52 55 52 51 132 50 51 48 49 48 246 48 176 33
2016-10-07 14:46 51160010: 36 55 53 236 53 49 49 54 48 48 49 48 142 50 52 56 53 49 132 51 54 54 54 48 133 48 176 33
2016-10-07 14:46 51160011: 36 55 53 236 53 49 49 54 48 48 49 49 143 50 52 56 48 56 134 51 55 49 50 51 128 48 176 33
2016-10-07 14:46 51160013: 36 55 53 236 53 49 49 54 48 48 49 51 145 50 52 56 54 51 135 51 55 53 53 51 135 48 176 33
2016-10-07 14:46 51160015: 36 55 53 236 53 49 49 54 48 48 49 53 147 50 52 56 48 51 129 51 55 57 50 50 135 48 176 33
2016-10-07 14:47 51160006: 36 55 53 236 53 49 49 54 48 48 48 54 147 50 52 55 52 48 129 51 55 56 54 51 139 48 176 33
2016-10-07 14:47 51160009: 36 55 53 236 53 49 49 54 48 48 48 57 150 50 52 55 54 55 138 50 50 57 57 57 143 48 176 33
2016-10-07 14:47 51160010: 36 55 53 236 53 49 49 54 48 48 49 48 142 50 52 56 54 52 136 51 54 54 55 57 143 48 176 33
2016-10-07 14:47 51160011: 36 55 53 236 53 49 49 54 48 48 49 49 143 50 52 56 50 48 128 51 55 49 49 50 254 48 176 33
2016-10-07 14:47 51160013: 36 55 53 236 53 49 49 54 48 48 49 51 145 50 52 56 55 55 140 51 55 53 53 50 134 48 176 33
2016-10-07 14:47 51160015: 36 55 53 236 53 49 49 54 48 48 49 53 147 50 52 55 57 56 142 51 55 57 48 57 140 48 176 33
2016-10-07 14:48 51160006: 36 55 53 236 53 49 49 54 48 48 48 54 147 50 52 55 53 48 130 51 55 56 54 49 137 48 176 33
2016-10-07 14:48 51160009: 36 55 53 236 53 49 49 54 48 48 48 57 150 50 52 55 55 56 140 50 50 57 56 57 142 48 176 33
2016-10-07 14:48 51160010: 36 55 53 236 53 49 49 54 48 48 49 48 142 50 52 56 55 50 135 51 54 54 53 57 141 48 176 33
2016-10-07 14:48 51160011: 36 55 53 236 53 49 49 54 48 48 49 49 143 50 52 56 49 56 135 51 55 49 49 55 131 48 176 33
2016-10-07 14:48 51160013: 36 55 53 236 53 49 49 54 48 48 49 51 145 50 52 56 55 57 142 51 55 53 54 48 133 48 176 33
2016-10-07 14:48 51160015: 36 55 53 236 53 49 49 54 48 48 49 53 147 50 52 55 57 57 143 51 55 57 49 53 137 48 176 33
2016-10-07 14:49 51160011: 36 55 53 236 53 49 49 54 48 48 49 49 143 50 52 56 49 54 133 51 55 49 48 56 131 48 176 33
2016-10-07 14:49 51160013: 36 55 53 236 53 49 49 54 48 48 49 51 145 50 52 56 57 48 135 51 55 53 51 54 136 48 176 33
2016-10-07 14:49 51160015: 36 55 53 236 53 49 49 54 48 48 49 53 147 50 52 55 56 57 142 51 55 57 49 57 141 48 176 33
2016-10-07 14:50 51160006: 36 55 53 236 53 49 49 54 48 48 48 54 147 50 52 55 50 54 133 51 55 56 53 57 144 48 176 33
2016-10-07 14:50 51160009: 36 55 53 236 53 49 49 54 48 48 48 57 150 50 52 55 53 49 131 50 50 57 56 56 141 48 176 33
2016-10-07 14:50 51160010: 36 55 53 236 53 49 49 54 48 48 49 48 142 50 52 57 48 50 129 51 54 54 54 50 135 48 176 33
2016-10-07 14:50 51160011: 36 55 53 236 53 49 49 54 48 48 49 49 143 50 52 56 52 50 132 51 55 49 49 54 130 48 176 33
2016-10-07 14:50 51160013: 36 55 53 236 53 49 49 54 48 48 49 51 145 50 52 57 48 49 128 51 55 53 52 54 137 48 176 33
2016-10-07 14:50 51160015: 36 55 53 236 53 49 49 54 48 48 49 53 147 50 52 56 48 48 254 51 55 57 49 49 133 48 176 33
2016-10-07 14:51 51160006: 36 55 53 236 53 49 49 54 48 48 48 54 147 50 52 55 53 50 132 51 55 56 51 57 142 48 176 33
2016-10-07 14:51 51160009: 36 55 53 236 53 49 49 54 48 48 48 57 150 50 52 55 54 56 139 50 50 57 57 48 134 48 176 33
2016-10-07 14:51 51160010: 36 55 53 236 53 49 49 54 48 48 49 48 142 50 52 57 48 56 135 51 54 54 51 54 136 48 176 33
2016-10-07 14:51 51160011: 36 55 53 236 53 49 49 54 48 48 49 49 143 50 52 56 53 48 131 51 55 49 49 54 130 48 176 33
2016-10-07 14:51 51160013: 36 55 53 236 53 49 49 54 48 48 49 51 145 50 52 57 48 51 130 51 55 53 52 51 134 48 176 33
2016-10-07 14:51 51160015: 36 55 53 236 53 49 49 54 48 48 49 53 147 50 52 56 48 57 135 51 55 57 48 49 132 48 176 33
2016-10-07 14:52 51160006: 36 55 53 236 53 49 49 54 48 48 48 54 147 50 52 55 53 49 131 51 55 56 53 48 135 48 176 33
2016-10-07 14:52 51160009: 36 55 53 236 53 49 49 54 48 48 48 57 150 50 52 55 55 57 141 50 51 48 48 50 247 48 176 33
2016-10-07 14:52 51160010: 36 55 53 236 53 49 49 54 48 48 49 48 142 50 52 57 49 52 132 51 54 54 54 49 134 48 176 33
2016-10-07 14:52 51160011: 36 55 53 236 53 49 49 54 48 48 49 49 143 50 52 56 53 56 139 51 55 49 48 55 130 48 176 33
2016-10-07 14:52 51160013: 36 55 53 236 53 49 49 54 48 48 49 51 145 50 52 57 48 50 129 51 55 53 51 52 134 48 176 33
2016-10-07 14:52 51160015: 36 55 53 236 53 49 49 54 48 48 49 53 147 50 52 56 52 51 133 51 55 57 48 57 140 48 176 33
2016-10-07 14:53 51160006: 36 55 53 236 53 49 49 54 48 48 48 54 147 50 52 55 55 57 141 51 55 56 53 54 141 48 176 33
2016-10-07 14:53 51160009: 36 55 53 236 53 49 49 54 48 48 48 57 150 50 52 55 56 55 140 50 50 57 55 56 140 48 176 33
2016-10-07 14:53 51160010: 36 55 53 236 53 49 49 54 48 48 49 48 142 50 52 57 50 52 133 51 54 54 52 53 136 48 176 33
2016-10-07 14:53 51160011: 36 55 53 236 53 49 49 54 48 48 49 49 143 50 52 56 53 53 136 51 55 49 48 57 132 48 176 33
2016-10-07 14:53 51160013: 36 55 53 236 53 49 49 54 48 48 49 51 145 50 52 57 48 55 134 51 55 53 52 55 138 48 176 33
2016-10-07 14:53 51160015: 36 55 53 236 53 49 49 54 48 48 49 53 147 50 52 56 50 57 137 51 55 56 57 56 147 48 176 33
